http://www.intelligence.tuc.gr/~batsakis/Interval-based#0 http://www.intelligence.tuc.gr/~batsakis/Interval-based#di http://www.intelligence.tuc.gr/~batsakis/Interval-based#1	1
http://www.intelligence.tuc.gr/~batsakis/Interval-based#0 http://www.intelligence.tuc.gr/~batsakis/Interval-based#di http://www.intelligence.tuc.gr/~batsakis/Interval-based#2	1
http://www.intelligence.tuc.gr/~batsakis/Interval-based#0 http://www.intelligence.tuc.gr/~batsakis/Interval-based#oi http://www.intelligence.tuc.gr/~batsakis/Interval-based#3	1
http://www.intelligence.tuc.gr/~batsakis/Interval-based#0 http://www.intelligence.tuc.gr/~batsakis/Interval-based#a http://www.intelligence.tuc.gr/~batsakis/Interval-based#4	1
http://www.intelligence.tuc.gr/~batsakis/Interval-based#0 http://www.intelligence.tuc.gr/~batsakis/Interval-based#si http://www.intelligence.tuc.gr/~batsakis/Interval-based#5	1
http://www.intelligence.tuc.gr/~batsakis/Interval-based#0 http://www.intelligence.tuc.gr/~batsakis/Interval-based#ov http://www.intelligence.tuc.gr/~batsakis/Interval-based#6	1
http://www.intelligence.tuc.gr/~batsakis/Interval-based#0 http://www.intelligence.tuc.gr/~batsakis/Interval-based#si http://www.intelligence.tuc.gr/~batsakis/Interval-based#7	1
http://www.intelligence.tuc.gr/~batsakis/Interval-based#0 http://www.intelligence.tuc.gr/~batsakis/Interval-based#di http://www.intelligence.tuc.gr/~batsakis/Interval-based#8	1
http://www.intelligence.tuc.gr/~batsakis/Interval-based#0 http://www.intelligence.tuc.gr/~batsakis/Interval-based#s http://www.intelligence.tuc.gr/~batsakis/Interval-based#9	1
http://www.intelligence.tuc.gr/~batsakis/Interval-based#0 http://www.intelligence.tuc.gr/~batsakis/Interval-based#f http://www.intelligence.tuc.gr/~batsakis/Interval-based#10	1
http://www.intelligence.tuc.gr/~batsakis/Interval-based#0 http://www.intelligence.tuc.gr/~batsakis/Interval-based#a http://www.intelligence.tuc.gr/~batsakis/Interval-based#11	1
http://www.intelligence.tuc.gr/~batsakis/Interval-based#0 http://www.intelligence.tuc.gr/~batsakis/Interval-based#di http://www.intelligence.tuc.gr/~batsakis/Interval-based#12	1
http://www.intelligence.tuc.gr/~batsakis/Interval-based#0 http://www.intelligence.tuc.gr/~batsakis/Interval-based#eq http://www.intelligence.tuc.gr/~batsakis/Interval-based#13	1
http://www.intelligence.tuc.gr/~batsakis/Interval-based#0 http://www.intelligence.tuc.gr/~batsakis/Interval-based#a http://www.intelligence.tuc.gr/~batsakis/Interval-based#14	1
http://www.intelligence.tuc.gr/~batsakis/Interval-based#0 http://www.intelligence.tuc.gr/~batsakis/Interval-based#ov http://www.intelligence.tuc.gr/~batsakis/Interval-based#15	1
http://www.intelligence.tuc.gr/~batsakis/Interval-based#0 http://www.intelligence.tuc.gr/~batsakis/Interval-based#oi http://www.intelligence.tuc.gr/~batsakis/Interval-based#16	1
http://www.intelligence.tuc.gr/~batsakis/Interval-based#0 http://www.intelligence.tuc.gr/~batsakis/Interval-based#di http://www.intelligence.tuc.gr/~batsakis/Interval-based#17	1
http://www.intelligence.tuc.gr/~batsakis/Interval-based#0 http://www.intelligence.tuc.gr/~batsakis/Interval-based#ov http://www.intelligence.tuc.gr/~batsakis/Interval-based#18	1
http://www.intelligence.tuc.gr/~batsakis/Interval-based#0 http://www.intelligence.tuc.gr/~batsakis/Interval-based#a http://www.intelligence.tuc.gr/~batsakis/Interval-based#19	1
http://www.intelligence.tuc.gr/~batsakis/Interval-based#0 http://www.intelligence.tuc.gr/~batsakis/Interval-based#ov http://www.intelligence.tuc.gr/~batsakis/Interval-based#20	1
http://www.intelligence.tuc.gr/~batsakis/Interval-based#0 http://www.intelligence.tuc.gr/~batsakis/Interval-based#ov http://www.intelligence.tuc.gr/~batsakis/Interval-based#21	1
http://www.intelligence.tuc.gr/~batsakis/Interval-based#0 http://www.intelligence.tuc.gr/~batsakis/Interval-based#di http://www.intelligence.tuc.gr/~batsakis/Interval-based#22	1
http://www.intelligence.tuc.gr/~batsakis/Interval-based#0 http://www.intelligence.tuc.gr/~batsakis/Interval-based#oi http://www.intelligence.tuc.gr/~batsakis/Interval-based#23	1
http://www.intelligence.tuc.gr/~batsakis/Interval-based#0 http://www.intelligence.tuc.gr/~batsakis/Interval-based#d http://www.intelligence.tuc.gr/~batsakis/Interval-based#24	1
http://www.intelligence.tuc.gr/~batsakis/Interval-based#0 http://www.intelligence.tuc.gr/~batsakis/Interval-based#oi http://www.intelligence.tuc.gr/~batsakis/Interval-based#25	1
http://www.intelligence.tuc.gr/~batsakis/Interval-based#0 http://www.intelligence.tuc.gr/~batsakis/Interval-based#oi http://www.intelligence.tuc.gr/~batsakis/Interval-based#26	1
http://www.intelligence.tuc.gr/~batsakis/Interval-based#0 http://www.intelligence.tuc.gr/~batsakis/Interval-based#oi http://www.intelligence.tuc.gr/~batsakis/Interval-based#27	1
http://www.intelligence.tuc.gr/~batsakis/Interval-based#0 http://www.intelligence.tuc.gr/~batsakis/Interval-based#oi http://www.intelligence.tuc.gr/~batsakis/Interval-based#28	1
http://www.intelligence.tuc.gr/~batsakis/Interval-based#0 http://www.intelligence.tuc.gr/~batsakis/Interval-based#a http://www.intelligence.tuc.gr/~batsakis/Interval-based#29	1
http://www.intelligence.tuc.gr/~batsakis/Interval-based#1 http://www.intelligence.tuc.gr/~batsakis/Interval-based#d http://www.intelligence.tuc.gr/~batsakis/Interval-based#0	1
http://www.intelligence.tuc.gr/~batsakis/Interval-based#1 http://www.intelligence.tuc.gr/~batsakis/Interval-based#a http://www.intelligence.tuc.gr/~batsakis/Interval-based#2	1
http://www.intelligence.tuc.gr/~batsakis/Interval-based#1 http://www.intelligence.tuc.gr/~batsakis/Interval-based#a http://www.intelligence.tuc.gr/~batsakis/Interval-based#3	1
http://www.intelligence.tuc.gr/~batsakis/Interval-based#1 http://www.intelligence.tuc.gr/~batsakis/Interval-based#a http://www.intelligence.tuc.gr/~batsakis/Interval-based#4	1
http://www.intelligence.tuc.gr/~batsakis/Interval-based#1 http://www.intelligence.tuc.gr/~batsakis/Interval-based#a http://www.intelligence.tuc.gr/~batsakis/Interval-based#5	1
http://www.intelligence.tuc.gr/~batsakis/Interval-based#1 http://www.intelligence.tuc.gr/~batsakis/Interval-based#d http://www.intelligence.tuc.gr/~batsakis/Interval-based#6	1
http://www.intelligence.tuc.gr/~batsakis/Interval-based#1 http://www.intelligence.tuc.gr/~batsakis/Interval-based#a http://www.intelligence.tuc.gr/~batsakis/Interval-based#7	1
http://www.intelligence.tuc.gr/~batsakis/Interval-based#1 http://www.intelligence.tuc.gr/~batsakis/Interval-based#d http://www.intelligence.tuc.gr/~batsakis/Interval-based#8	1
http://www.intelligence.tuc.gr/~batsakis/Interval-based#1 http://www.intelligence.tuc.gr/~batsakis/Interval-based#d http://www.intelligence.tuc.gr/~batsakis/Interval-based#9	1
http://www.intelligence.tuc.gr/~batsakis/Interval-based#1 http://www.intelligence.tuc.gr/~batsakis/Interval-based#d http://www.intelligence.tuc.gr/~batsakis/Interval-based#10	1
http://www.intelligence.tuc.gr/~batsakis/Interval-based#1 http://www.intelligence.tuc.gr/~batsakis/Interval-based#a http://www.intelligence.tuc.gr/~batsakis/Interval-based#11	1
http://www.intelligence.tuc.gr/~batsakis/Interval-based#1 http://www.intelligence.tuc.gr/~batsakis/Interval-based#d http://www.intelligence.tuc.gr/~batsakis/Interval-based#12	1
http://www.intelligence.tuc.gr/~batsakis/Interval-based#1 http://www.intelligence.tuc.gr/~batsakis/Interval-based#d http://www.intelligence.tuc.gr/~batsakis/Interval-based#13	1
http://www.intelligence.tuc.gr/~batsakis/Interval-based#1 http://www.intelligence.tuc.gr/~batsakis/Interval-based#a http://www.intelligence.tuc.gr/~batsakis/Interval-based#14	1
http://www.intelligence.tuc.gr/~batsakis/Interval-based#1 http://www.intelligence.tuc.gr/~batsakis/Interval-based#d http://www.intelligence.tuc.gr/~batsakis/Interval-based#15	1
http://www.intelligence.tuc.gr/~batsakis/Interval-based#1 http://www.intelligence.tuc.gr/~batsakis/Interval-based#a http://www.intelligence.tuc.gr/~batsakis/Interval-based#16	1
http://www.intelligence.tuc.gr/~batsakis/Interval-based#1 http://www.intelligence.tuc.gr/~batsakis/Interval-based#a http://www.intelligence.tuc.gr/~batsakis/Interval-based#17	1
http://www.intelligence.tuc.gr/~batsakis/Interval-based#1 http://www.intelligence.tuc.gr/~batsakis/Interval-based#b http://www.intelligence.tuc.gr/~batsakis/Interval-based#18	1
http://www.intelligence.tuc.gr/~batsakis/Interval-based#1 http://www.intelligence.tuc.gr/~batsakis/Interval-based#a http://www.intelligence.tuc.gr/~batsakis/Interval-based#19	1
http://www.intelligence.tuc.gr/~batsakis/Interval-based#1 http://www.intelligence.tuc.gr/~batsakis/Interval-based#d http://www.intelligence.tuc.gr/~batsakis/Interval-based#20	1
http://www.intelligence.tuc.gr/~batsakis/Interval-based#1 http://www.intelligence.tuc.gr/~batsakis/Interval-based#b http://www.intelligence.tuc.gr/~batsakis/Interval-based#21	1
http://www.intelligence.tuc.gr/~batsakis/Interval-based#1 http://www.intelligence.tuc.gr/~batsakis/Interval-based#mi http://www.intelligence.tuc.gr/~batsakis/Interval-based#22	1
http://www.intelligence.tuc.gr/~batsakis/Interval-based#1 http://www.intelligence.tuc.gr/~batsakis/Interval-based#d http://www.intelligence.tuc.gr/~batsakis/Interval-based#23	1
http://www.intelligence.tuc.gr/~batsakis/Interval-based#1 http://www.intelligence.tuc.gr/~batsakis/Interval-based#d http://www.intelligence.tuc.gr/~batsakis/Interval-based#24	1
http://www.intelligence.tuc.gr/~batsakis/Interval-based#1 http://www.intelligence.tuc.gr/~batsakis/Interval-based#a http://www.intelligence.tuc.gr/~batsakis/Interval-based#25	1
http://www.intelligence.tuc.gr/~batsakis/Interval-based#1 http://www.intelligence.tuc.gr/~batsakis/Interval-based#a http://www.intelligence.tuc.gr/~batsakis/Interval-based#26	1
http://www.intelligence.tuc.gr/~batsakis/Interval-based#1 http://www.intelligence.tuc.gr/~batsakis/Interval-based#a http://www.intelligence.tuc.gr/~batsakis/Interval-based#27	1
http://www.intelligence.tuc.gr/~batsakis/Interval-based#1 http://www.intelligence.tuc.gr/~batsakis/Interval-based#a http://www.intelligence.tuc.gr/~batsakis/Interval-based#28	1
http://www.intelligence.tuc.gr/~batsakis/Interval-based#1 http://www.intelligence.tuc.gr/~batsakis/Interval-based#a http://www.intelligence.tuc.gr/~batsakis/Interval-based#29	1
http://www.intelligence.tuc.gr/~batsakis/Interval-based#2 http://www.intelligence.tuc.gr/~batsakis/Interval-based#d http://www.intelligence.tuc.gr/~batsakis/Interval-based#0	1
http://www.intelligence.tuc.gr/~batsakis/Interval-based#2 http://www.intelligence.tuc.gr/~batsakis/Interval-based#b http://www.intelligence.tuc.gr/~batsakis/Interval-based#1	1
http://www.intelligence.tuc.gr/~batsakis/Interval-based#2 http://www.intelligence.tuc.gr/~batsakis/Interval-based#oi http://www.intelligence.tuc.gr/~batsakis/Interval-based#3	1
http://www.intelligence.tuc.gr/~batsakis/Interval-based#2 http://www.intelligence.tuc.gr/~batsakis/Interval-based#a http://www.intelligence.tuc.gr/~batsakis/Interval-based#4	1
http://www.intelligence.tuc.gr/~batsakis/Interval-based#2 http://www.intelligence.tuc.gr/~batsakis/Interval-based#f http://www.intelligence.tuc.gr/~batsakis/Interval-based#5	1
http://www.intelligence.tuc.gr/~batsakis/Interval-based#2 http://www.intelligence.tuc.gr/~batsakis/Interval-based#ov http://www.intelligence.tuc.gr/~batsakis/Interval-based#6	1
http://www.intelligence.tuc.gr/~batsakis/Interval-based#2 http://www.intelligence.tuc.gr/~batsakis/Interval-based#oi http://www.intelligence.tuc.gr/~batsakis/Interval-based#7	1
http://www.intelligence.tuc.gr/~batsakis/Interval-based#2 http://www.intelligence.tuc.gr/~batsakis/Interval-based#ov http://www.intelligence.tuc.gr/~batsakis/Interval-based#8	1
http://www.intelligence.tuc.gr/~batsakis/Interval-based#2 http://www.intelligence.tuc.gr/~batsakis/Interval-based#d http://www.intelligence.tuc.gr/~batsakis/Interval-based#9	1
http://www.intelligence.tuc.gr/~batsakis/Interval-based#2 http://www.intelligence.tuc.gr/~batsakis/Interval-based#d http://www.intelligence.tuc.gr/~batsakis/Interval-based#10	1
http://www.intelligence.tuc.gr/~batsakis/Interval-based#2 http://www.intelligence.tuc.gr/~batsakis/Interval-based#a http://www.intelligence.tuc.gr/~batsakis/Interval-based#11	1
http://www.intelligence.tuc.gr/~batsakis/Interval-based#2 http://www.intelligence.tuc.gr/~batsakis/Interval-based#ov http://www.intelligence.tuc.gr/~batsakis/Interval-based#12	1
http://www.intelligence.tuc.gr/~batsakis/Interval-based#2 http://www.intelligence.tuc.gr/~batsakis/Interval-based#d http://www.intelligence.tuc.gr/~batsakis/Interval-based#13	1
http://www.intelligence.tuc.gr/~batsakis/Interval-based#2 http://www.intelligence.tuc.gr/~batsakis/Interval-based#a http://www.intelligence.tuc.gr/~batsakis/Interval-based#14	1
http://www.intelligence.tuc.gr/~batsakis/Interval-based#2 http://www.intelligence.tuc.gr/~batsakis/Interval-based#ov http://www.intelligence.tuc.gr/~batsakis/Interval-based#15	1
http://www.intelligence.tuc.gr/~batsakis/Interval-based#2 http://www.intelligence.tuc.gr/~batsakis/Interval-based#oi http://www.intelligence.tuc.gr/~batsakis/Interval-based#16	1
http://www.intelligence.tuc.gr/~batsakis/Interval-based#2 http://www.intelligence.tuc.gr/~batsakis/Interval-based#fi http://www.intelligence.tuc.gr/~batsakis/Interval-based#17	1
http://www.intelligence.tuc.gr/~batsakis/Interval-based#2 http://www.intelligence.tuc.gr/~batsakis/Interval-based#b http://www.intelligence.tuc.gr/~batsakis/Interval-based#18	1
http://www.intelligence.tuc.gr/~batsakis/Interval-based#2 http://www.intelligence.tuc.gr/~batsakis/Interval-based#a http://www.intelligence.tuc.gr/~batsakis/Interval-based#19	1
http://www.intelligence.tuc.gr/~batsakis/Interval-based#2 http://www.intelligence.tuc.gr/~batsakis/Interval-based#ov http://www.intelligence.tuc.gr/~batsakis/Interval-based#20	1
http://www.intelligence.tuc.gr/~batsakis/Interval-based#2 http://www.intelligence.tuc.gr/~batsakis/Interval-based#b http://www.intelligence.tuc.gr/~batsakis/Interval-based#21	1
http://www.intelligence.tuc.gr/~batsakis/Interval-based#2 http://www.intelligence.tuc.gr/~batsakis/Interval-based#m http://www.intelligence.tuc.gr/~batsakis/Interval-based#22	1
http://www.intelligence.tuc.gr/~batsakis/Interval-based#2 http://www.intelligence.tuc.gr/~batsakis/Interval-based#d http://www.intelligence.tuc.gr/~batsakis/Interval-based#23	1
http://www.intelligence.tuc.gr/~batsakis/Interval-based#2 http://www.intelligence.tuc.gr/~batsakis/Interval-based#d http://www.intelligence.tuc.gr/~batsakis/Interval-based#24	1
http://www.intelligence.tuc.gr/~batsakis/Interval-based#2 http://www.intelligence.tuc.gr/~batsakis/Interval-based#oi http://www.intelligence.tuc.gr/~batsakis/Interval-based#25	1
http://www.intelligence.tuc.gr/~batsakis/Interval-based#2 http://www.intelligence.tuc.gr/~batsakis/Interval-based#oi http://www.intelligence.tuc.gr/~batsakis/Interval-based#26	1
http://www.intelligence.tuc.gr/~batsakis/Interval-based#2 http://www.intelligence.tuc.gr/~batsakis/Interval-based#oi http://www.intelligence.tuc.gr/~batsakis/Interval-based#27	1
http://www.intelligence.tuc.gr/~batsakis/Interval-based#2 http://www.intelligence.tuc.gr/~batsakis/Interval-based#oi http://www.intelligence.tuc.gr/~batsakis/Interval-based#28	1
http://www.intelligence.tuc.gr/~batsakis/Interval-based#2 http://www.intelligence.tuc.gr/~batsakis/Interval-based#a http://www.intelligence.tuc.gr/~batsakis/Interval-based#29	1
http://www.intelligence.tuc.gr/~batsakis/Interval-based#3 http://www.intelligence.tuc.gr/~batsakis/Interval-based#ov http://www.intelligence.tuc.gr/~batsakis/Interval-based#0	1
http://www.intelligence.tuc.gr/~batsakis/Interval-based#3 http://www.intelligence.tuc.gr/~batsakis/Interval-based#b http://www.intelligence.tuc.gr/~batsakis/Interval-based#1	1
http://www.intelligence.tuc.gr/~batsakis/Interval-based#3 http://www.intelligence.tuc.gr/~batsakis/Interval-based#ov http://www.intelligence.tuc.gr/~batsakis/Interval-based#2	1
http://www.intelligence.tuc.gr/~batsakis/Interval-based#3 http://www.intelligence.tuc.gr/~batsakis/Interval-based#di http://www.intelligence.tuc.gr/~batsakis/Interval-based#4	1
http://www.intelligence.tuc.gr/~batsakis/Interval-based#3 http://www.intelligence.tuc.gr/~batsakis/Interval-based#ov http://www.intelligence.tuc.gr/~batsakis/Interval-based#5	1
http://www.intelligence.tuc.gr/~batsakis/Interval-based#3 http://www.intelligence.tuc.gr/~batsakis/Interval-based#ov http://www.intelligence.tuc.gr/~batsakis/Interval-based#6	1
http://www.intelligence.tuc.gr/~batsakis/Interval-based#3 http://www.intelligence.tuc.gr/~batsakis/Interval-based#ov http://www.intelligence.tuc.gr/~batsakis/Interval-based#7	1
http://www.intelligence.tuc.gr/~batsakis/Interval-based#3 http://www.intelligence.tuc.gr/~batsakis/Interval-based#ov http://www.intelligence.tuc.gr/~batsakis/Interval-based#8	1
http://www.intelligence.tuc.gr/~batsakis/Interval-based#3 http://www.intelligence.tuc.gr/~batsakis/Interval-based#ov http://www.intelligence.tuc.gr/~batsakis/Interval-based#9	1
http://www.intelligence.tuc.gr/~batsakis/Interval-based#3 http://www.intelligence.tuc.gr/~batsakis/Interval-based#ov http://www.intelligence.tuc.gr/~batsakis/Interval-based#10	1
http://www.intelligence.tuc.gr/~batsakis/Interval-based#3 http://www.intelligence.tuc.gr/~batsakis/Interval-based#di http://www.intelligence.tuc.gr/~batsakis/Interval-based#11	1
http://www.intelligence.tuc.gr/~batsakis/Interval-based#3 http://www.intelligence.tuc.gr/~batsakis/Interval-based#ov http://www.intelligence.tuc.gr/~batsakis/Interval-based#12	1
http://www.intelligence.tuc.gr/~batsakis/Interval-based#3 http://www.intelligence.tuc.gr/~batsakis/Interval-based#ov http://www.intelligence.tuc.gr/~batsakis/Interval-based#13	1
http://www.intelligence.tuc.gr/~batsakis/Interval-based#3 http://www.intelligence.tuc.gr/~batsakis/Interval-based#oi http://www.intelligence.tuc.gr/~batsakis/Interval-based#14	1
http://www.intelligence.tuc.gr/~batsakis/Interval-based#3 http://www.intelligence.tuc.gr/~batsakis/Interval-based#ov http://www.intelligence.tuc.gr/~batsakis/Interval-based#15	1
http://www.intelligence.tuc.gr/~batsakis/Interval-based#3 http://www.intelligence.tuc.gr/~batsakis/Interval-based#di http://www.intelligence.tuc.gr/~batsakis/Interval-based#16	1
http://www.intelligence.tuc.gr/~batsakis/Interval-based#3 http://www.intelligence.tuc.gr/~batsakis/Interval-based#ov http://www.intelligence.tuc.gr/~batsakis/Interval-based#17	1
http://www.intelligence.tuc.gr/~batsakis/Interval-based#3 http://www.intelligence.tuc.gr/~batsakis/Interval-based#b http://www.intelligence.tuc.gr/~batsakis/Interval-based#18	1
http://www.intelligence.tuc.gr/~batsakis/Interval-based#3 http://www.intelligence.tuc.gr/~batsakis/Interval-based#di http://www.intelligence.tuc.gr/~batsakis/Interval-based#19	1
http://www.intelligence.tuc.gr/~batsakis/Interval-based#3 http://www.intelligence.tuc.gr/~batsakis/Interval-based#ov http://www.intelligence.tuc.gr/~batsakis/Interval-based#20	1
http://www.intelligence.tuc.gr/~batsakis/Interval-based#3 http://www.intelligence.tuc.gr/~batsakis/Interval-based#b http://www.intelligence.tuc.gr/~batsakis/Interval-based#21	1
http://www.intelligence.tuc.gr/~batsakis/Interval-based#3 http://www.intelligence.tuc.gr/~batsakis/Interval-based#b http://www.intelligence.tuc.gr/~batsakis/Interval-based#22	1
http://www.intelligence.tuc.gr/~batsakis/Interval-based#3 http://www.intelligence.tuc.gr/~batsakis/Interval-based#ov http://www.intelligence.tuc.gr/~batsakis/Interval-based#23	1
http://www.intelligence.tuc.gr/~batsakis/Interval-based#3 http://www.intelligence.tuc.gr/~batsakis/Interval-based#ov http://www.intelligence.tuc.gr/~batsakis/Interval-based#24	1
http://www.intelligence.tuc.gr/~batsakis/Interval-based#3 http://www.intelligence.tuc.gr/~batsakis/Interval-based#di http://www.intelligence.tuc.gr/~batsakis/Interval-based#25	1
http://www.intelligence.tuc.gr/~batsakis/Interval-based#3 http://www.intelligence.tuc.gr/~batsakis/Interval-based#di http://www.intelligence.tuc.gr/~batsakis/Interval-based#26	1
http://www.intelligence.tuc.gr/~batsakis/Interval-based#3 http://www.intelligence.tuc.gr/~batsakis/Interval-based#oi http://www.intelligence.tuc.gr/~batsakis/Interval-based#27	1
http://www.intelligence.tuc.gr/~batsakis/Interval-based#3 http://www.intelligence.tuc.gr/~batsakis/Interval-based#di http://www.intelligence.tuc.gr/~batsakis/Interval-based#28	1
http://www.intelligence.tuc.gr/~batsakis/Interval-based#3 http://www.intelligence.tuc.gr/~batsakis/Interval-based#di http://www.intelligence.tuc.gr/~batsakis/Interval-based#29	1
http://www.intelligence.tuc.gr/~batsakis/Interval-based#4 http://www.intelligence.tuc.gr/~batsakis/Interval-based#b http://www.intelligence.tuc.gr/~batsakis/Interval-based#0	1
http://www.intelligence.tuc.gr/~batsakis/Interval-based#4 http://www.intelligence.tuc.gr/~batsakis/Interval-based#b http://www.intelligence.tuc.gr/~batsakis/Interval-based#1	1
http://www.intelligence.tuc.gr/~batsakis/Interval-based#4 http://www.intelligence.tuc.gr/~batsakis/Interval-based#b http://www.intelligence.tuc.gr/~batsakis/Interval-based#2	1
http://www.intelligence.tuc.gr/~batsakis/Interval-based#4 http://www.intelligence.tuc.gr/~batsakis/Interval-based#d http://www.intelligence.tuc.gr/~batsakis/Interval-based#3	1
http://www.intelligence.tuc.gr/~batsakis/Interval-based#4 http://www.intelligence.tuc.gr/~batsakis/Interval-based#b http://www.intelligence.tuc.gr/~batsakis/Interval-based#5	1
http://www.intelligence.tuc.gr/~batsakis/Interval-based#4 http://www.intelligence.tuc.gr/~batsakis/Interval-based#b http://www.intelligence.tuc.gr/~batsakis/Interval-based#6	1
http://www.intelligence.tuc.gr/~batsakis/Interval-based#4 http://www.intelligence.tuc.gr/~batsakis/Interval-based#b http://www.intelligence.tuc.gr/~batsakis/Interval-based#7	1
http://www.intelligence.tuc.gr/~batsakis/Interval-based#4 http://www.intelligence.tuc.gr/~batsakis/Interval-based#b http://www.intelligence.tuc.gr/~batsakis/Interval-based#8	1
http://www.intelligence.tuc.gr/~batsakis/Interval-based#4 http://www.intelligence.tuc.gr/~batsakis/Interval-based#b http://www.intelligence.tuc.gr/~batsakis/Interval-based#9	1
http://www.intelligence.tuc.gr/~batsakis/Interval-based#4 http://www.intelligence.tuc.gr/~batsakis/Interval-based#ov http://www.intelligence.tuc.gr/~batsakis/Interval-based#10	1
http://www.intelligence.tuc.gr/~batsakis/Interval-based#4 http://www.intelligence.tuc.gr/~batsakis/Interval-based#eq http://www.intelligence.tuc.gr/~batsakis/Interval-based#11	1
http://www.intelligence.tuc.gr/~batsakis/Interval-based#4 http://www.intelligence.tuc.gr/~batsakis/Interval-based#b http://www.intelligence.tuc.gr/~batsakis/Interval-based#12	1
http://www.intelligence.tuc.gr/~batsakis/Interval-based#4 http://www.intelligence.tuc.gr/~batsakis/Interval-based#b http://www.intelligence.tuc.gr/~batsakis/Interval-based#13	1
http://www.intelligence.tuc.gr/~batsakis/Interval-based#4 http://www.intelligence.tuc.gr/~batsakis/Interval-based#oi http://www.intelligence.tuc.gr/~batsakis/Interval-based#14	1
http://www.intelligence.tuc.gr/~batsakis/Interval-based#4 http://www.intelligence.tuc.gr/~batsakis/Interval-based#b http://www.intelligence.tuc.gr/~batsakis/Interval-based#15	1
http://www.intelligence.tuc.gr/~batsakis/Interval-based#4 http://www.intelligence.tuc.gr/~batsakis/Interval-based#ov http://www.intelligence.tuc.gr/~batsakis/Interval-based#16	1
http://www.intelligence.tuc.gr/~batsakis/Interval-based#4 http://www.intelligence.tuc.gr/~batsakis/Interval-based#b http://www.intelligence.tuc.gr/~batsakis/Interval-based#17	1
http://www.intelligence.tuc.gr/~batsakis/Interval-based#4 http://www.intelligence.tuc.gr/~batsakis/Interval-based#b http://www.intelligence.tuc.gr/~batsakis/Interval-based#18	1
http://www.intelligence.tuc.gr/~batsakis/Interval-based#4 http://www.intelligence.tuc.gr/~batsakis/Interval-based#oi http://www.intelligence.tuc.gr/~batsakis/Interval-based#19	1
http://www.intelligence.tuc.gr/~batsakis/Interval-based#4 http://www.intelligence.tuc.gr/~batsakis/Interval-based#b http://www.intelligence.tuc.gr/~batsakis/Interval-based#20	1
http://www.intelligence.tuc.gr/~batsakis/Interval-based#4 http://www.intelligence.tuc.gr/~batsakis/Interval-based#b http://www.intelligence.tuc.gr/~batsakis/Interval-based#21	1
http://www.intelligence.tuc.gr/~batsakis/Interval-based#4 http://www.intelligence.tuc.gr/~batsakis/Interval-based#b http://www.intelligence.tuc.gr/~batsakis/Interval-based#22	1
http://www.intelligence.tuc.gr/~batsakis/Interval-based#4 http://www.intelligence.tuc.gr/~batsakis/Interval-based#ov http://www.intelligence.tuc.gr/~batsakis/Interval-based#23	1
http://www.intelligence.tuc.gr/~batsakis/Interval-based#4 http://www.intelligence.tuc.gr/~batsakis/Interval-based#d http://www.intelligence.tuc.gr/~batsakis/Interval-based#24	1
http://www.intelligence.tuc.gr/~batsakis/Interval-based#4 http://www.intelligence.tuc.gr/~batsakis/Interval-based#b http://www.intelligence.tuc.gr/~batsakis/Interval-based#25	1
http://www.intelligence.tuc.gr/~batsakis/Interval-based#4 http://www.intelligence.tuc.gr/~batsakis/Interval-based#d http://www.intelligence.tuc.gr/~batsakis/Interval-based#26	1
http://www.intelligence.tuc.gr/~batsakis/Interval-based#4 http://www.intelligence.tuc.gr/~batsakis/Interval-based#d http://www.intelligence.tuc.gr/~batsakis/Interval-based#27	1
http://www.intelligence.tuc.gr/~batsakis/Interval-based#4 http://www.intelligence.tuc.gr/~batsakis/Interval-based#b http://www.intelligence.tuc.gr/~batsakis/Interval-based#28	1
http://www.intelligence.tuc.gr/~batsakis/Interval-based#4 http://www.intelligence.tuc.gr/~batsakis/Interval-based#a http://www.intelligence.tuc.gr/~batsakis/Interval-based#29	1
http://www.intelligence.tuc.gr/~batsakis/Interval-based#5 http://www.intelligence.tuc.gr/~batsakis/Interval-based#s http://www.intelligence.tuc.gr/~batsakis/Interval-based#0	1
http://www.intelligence.tuc.gr/~batsakis/Interval-based#5 http://www.intelligence.tuc.gr/~batsakis/Interval-based#b http://www.intelligence.tuc.gr/~batsakis/Interval-based#1	1
http://www.intelligence.tuc.gr/~batsakis/Interval-based#5 http://www.intelligence.tuc.gr/~batsakis/Interval-based#fi http://www.intelligence.tuc.gr/~batsakis/Interval-based#2	1
http://www.intelligence.tuc.gr/~batsakis/Interval-based#5 http://www.intelligence.tuc.gr/~batsakis/Interval-based#oi http://www.intelligence.tuc.gr/~batsakis/Interval-based#3	1
http://www.intelligence.tuc.gr/~batsakis/Interval-based#5 http://www.intelligence.tuc.gr/~batsakis/Interval-based#a http://www.intelligence.tuc.gr/~batsakis/Interval-based#4	1
http://www.intelligence.tuc.gr/~batsakis/Interval-based#5 http://www.intelligence.tuc.gr/~batsakis/Interval-based#ov http://www.intelligence.tuc.gr/~batsakis/Interval-based#6	1
http://www.intelligence.tuc.gr/~batsakis/Interval-based#5 http://www.intelligence.tuc.gr/~batsakis/Interval-based#si http://www.intelligence.tuc.gr/~batsakis/Interval-based#7	1
http://www.intelligence.tuc.gr/~batsakis/Interval-based#5 http://www.intelligence.tuc.gr/~batsakis/Interval-based#ov http://www.intelligence.tuc.gr/~batsakis/Interval-based#8	1
http://www.intelligence.tuc.gr/~batsakis/Interval-based#5 http://www.intelligence.tuc.gr/~batsakis/Interval-based#s http://www.intelligence.tuc.gr/~batsakis/Interval-based#9	1
http://www.intelligence.tuc.gr/~batsakis/Interval-based#5 http://www.intelligence.tuc.gr/~batsakis/Interval-based#d http://www.intelligence.tuc.gr/~batsakis/Interval-based#10	1
http://www.intelligence.tuc.gr/~batsakis/Interval-based#5 http://www.intelligence.tuc.gr/~batsakis/Interval-based#a http://www.intelligence.tuc.gr/~batsakis/Interval-based#11	1
http://www.intelligence.tuc.gr/~batsakis/Interval-based#5 http://www.intelligence.tuc.gr/~batsakis/Interval-based#ov http://www.intelligence.tuc.gr/~batsakis/Interval-based#12	1
http://www.intelligence.tuc.gr/~batsakis/Interval-based#5 http://www.intelligence.tuc.gr/~batsakis/Interval-based#s http://www.intelligence.tuc.gr/~batsakis/Interval-based#13	1
http://www.intelligence.tuc.gr/~batsakis/Interval-based#5 http://www.intelligence.tuc.gr/~batsakis/Interval-based#a http://www.intelligence.tuc.gr/~batsakis/Interval-based#14	1
http://www.intelligence.tuc.gr/~batsakis/Interval-based#5 http://www.intelligence.tuc.gr/~batsakis/Interval-based#ov http://www.intelligence.tuc.gr/~batsakis/Interval-based#15	1
http://www.intelligence.tuc.gr/~batsakis/Interval-based#5 http://www.intelligence.tuc.gr/~batsakis/Interval-based#oi http://www.intelligence.tuc.gr/~batsakis/Interval-based#16	1
http://www.intelligence.tuc.gr/~batsakis/Interval-based#5 http://www.intelligence.tuc.gr/~batsakis/Interval-based#fi http://www.intelligence.tuc.gr/~batsakis/Interval-based#17	1
http://www.intelligence.tuc.gr/~batsakis/Interval-based#5 http://www.intelligence.tuc.gr/~batsakis/Interval-based#b http://www.intelligence.tuc.gr/~batsakis/Interval-based#18	1
http://www.intelligence.tuc.gr/~batsakis/Interval-based#5 http://www.intelligence.tuc.gr/~batsakis/Interval-based#a http://www.intelligence.tuc.gr/~batsakis/Interval-based#19	1
http://www.intelligence.tuc.gr/~batsakis/Interval-based#5 http://www.intelligence.tuc.gr/~batsakis/Interval-based#ov http://www.intelligence.tuc.gr/~batsakis/Interval-based#20	1
http://www.intelligence.tuc.gr/~batsakis/Interval-based#5 http://www.intelligence.tuc.gr/~batsakis/Interval-based#b http://www.intelligence.tuc.gr/~batsakis/Interval-based#21	1
http://www.intelligence.tuc.gr/~batsakis/Interval-based#5 http://www.intelligence.tuc.gr/~batsakis/Interval-based#m http://www.intelligence.tuc.gr/~batsakis/Interval-based#22	1
http://www.intelligence.tuc.gr/~batsakis/Interval-based#5 http://www.intelligence.tuc.gr/~batsakis/Interval-based#d http://www.intelligence.tuc.gr/~batsakis/Interval-based#23	1
http://www.intelligence.tuc.gr/~batsakis/Interval-based#5 http://www.intelligence.tuc.gr/~batsakis/Interval-based#d http://www.intelligence.tuc.gr/~batsakis/Interval-based#24	1
http://www.intelligence.tuc.gr/~batsakis/Interval-based#5 http://www.intelligence.tuc.gr/~batsakis/Interval-based#oi http://www.intelligence.tuc.gr/~batsakis/Interval-based#25	1
http://www.intelligence.tuc.gr/~batsakis/Interval-based#5 http://www.intelligence.tuc.gr/~batsakis/Interval-based#oi http://www.intelligence.tuc.gr/~batsakis/Interval-based#26	1
http://www.intelligence.tuc.gr/~batsakis/Interval-based#5 http://www.intelligence.tuc.gr/~batsakis/Interval-based#oi http://www.intelligence.tuc.gr/~batsakis/Interval-based#27	1
http://www.intelligence.tuc.gr/~batsakis/Interval-based#5 http://www.intelligence.tuc.gr/~batsakis/Interval-based#oi http://www.intelligence.tuc.gr/~batsakis/Interval-based#28	1
http://www.intelligence.tuc.gr/~batsakis/Interval-based#5 http://www.intelligence.tuc.gr/~batsakis/Interval-based#a http://www.intelligence.tuc.gr/~batsakis/Interval-based#29	1
http://www.intelligence.tuc.gr/~batsakis/Interval-based#6 http://www.intelligence.tuc.gr/~batsakis/Interval-based#oi http://www.intelligence.tuc.gr/~batsakis/Interval-based#0	1
http://www.intelligence.tuc.gr/~batsakis/Interval-based#6 http://www.intelligence.tuc.gr/~batsakis/Interval-based#di http://www.intelligence.tuc.gr/~batsakis/Interval-based#1	1
http://www.intelligence.tuc.gr/~batsakis/Interval-based#6 http://www.intelligence.tuc.gr/~batsakis/Interval-based#oi http://www.intelligence.tuc.gr/~batsakis/Interval-based#2	1
http://www.intelligence.tuc.gr/~batsakis/Interval-based#6 http://www.intelligence.tuc.gr/~batsakis/Interval-based#oi http://www.intelligence.tuc.gr/~batsakis/Interval-based#3	1
http://www.intelligence.tuc.gr/~batsakis/Interval-based#6 http://www.intelligence.tuc.gr/~batsakis/Interval-based#a http://www.intelligence.tuc.gr/~batsakis/Interval-based#4	1
http://www.intelligence.tuc.gr/~batsakis/Interval-based#6 http://www.intelligence.tuc.gr/~batsakis/Interval-based#oi http://www.intelligence.tuc.gr/~batsakis/Interval-based#5	1
http://www.intelligence.tuc.gr/~batsakis/Interval-based#6 http://www.intelligence.tuc.gr/~batsakis/Interval-based#oi http://www.intelligence.tuc.gr/~batsakis/Interval-based#7	1
http://www.intelligence.tuc.gr/~batsakis/Interval-based#6 http://www.intelligence.tuc.gr/~batsakis/Interval-based#di http://www.intelligence.tuc.gr/~batsakis/Interval-based#8	1
http://www.intelligence.tuc.gr/~batsakis/Interval-based#6 http://www.intelligence.tuc.gr/~batsakis/Interval-based#d http://www.intelligence.tuc.gr/~batsakis/Interval-based#9	1
http://www.intelligence.tuc.gr/~batsakis/Interval-based#6 http://www.intelligence.tuc.gr/~batsakis/Interval-based#oi http://www.intelligence.tuc.gr/~batsakis/Interval-based#10	1
http://www.intelligence.tuc.gr/~batsakis/Interval-based#6 http://www.intelligence.tuc.gr/~batsakis/Interval-based#a http://www.intelligence.tuc.gr/~batsakis/Interval-based#11	1
http://www.intelligence.tuc.gr/~batsakis/Interval-based#6 http://www.intelligence.tuc.gr/~batsakis/Interval-based#di http://www.intelligence.tuc.gr/~batsakis/Interval-based#12	1
http://www.intelligence.tuc.gr/~batsakis/Interval-based#6 http://www.intelligence.tuc.gr/~batsakis/Interval-based#oi http://www.intelligence.tuc.gr/~batsakis/Interval-based#13	1
http://www.intelligence.tuc.gr/~batsakis/Interval-based#6 http://www.intelligence.tuc.gr/~batsakis/Interval-based#a http://www.intelligence.tuc.gr/~batsakis/Interval-based#14	1
http://www.intelligence.tuc.gr/~batsakis/Interval-based#6 http://www.intelligence.tuc.gr/~batsakis/Interval-based#f http://www.intelligence.tuc.gr/~batsakis/Interval-based#15	1
http://www.intelligence.tuc.gr/~batsakis/Interval-based#6 http://www.intelligence.tuc.gr/~batsakis/Interval-based#oi http://www.intelligence.tuc.gr/~batsakis/Interval-based#16	1
http://www.intelligence.tuc.gr/~batsakis/Interval-based#6 http://www.intelligence.tuc.gr/~batsakis/Interval-based#oi http://www.intelligence.tuc.gr/~batsakis/Interval-based#17	1
http://www.intelligence.tuc.gr/~batsakis/Interval-based#6 http://www.intelligence.tuc.gr/~batsakis/Interval-based#ov http://www.intelligence.tuc.gr/~batsakis/Interval-based#18	1
http://www.intelligence.tuc.gr/~batsakis/Interval-based#6 http://www.intelligence.tuc.gr/~batsakis/Interval-based#a http://www.intelligence.tuc.gr/~batsakis/Interval-based#19	1
http://www.intelligence.tuc.gr/~batsakis/Interval-based#6 http://www.intelligence.tuc.gr/~batsakis/Interval-based#fi http://www.intelligence.tuc.gr/~batsakis/Interval-based#20	1
http://www.intelligence.tuc.gr/~batsakis/Interval-based#6 http://www.intelligence.tuc.gr/~batsakis/Interval-based#ov http://www.intelligence.tuc.gr/~batsakis/Interval-based#21	1
http://www.intelligence.tuc.gr/~batsakis/Interval-based#6 http://www.intelligence.tuc.gr/~batsakis/Interval-based#di http://www.intelligence.tuc.gr/~batsakis/Interval-based#22	1
http://www.intelligence.tuc.gr/~batsakis/Interval-based#6 http://www.intelligence.tuc.gr/~batsakis/Interval-based#oi http://www.intelligence.tuc.gr/~batsakis/Interval-based#23	1
http://www.intelligence.tuc.gr/~batsakis/Interval-based#6 http://www.intelligence.tuc.gr/~batsakis/Interval-based#f http://www.intelligence.tuc.gr/~batsakis/Interval-based#24	1
http://www.intelligence.tuc.gr/~batsakis/Interval-based#6 http://www.intelligence.tuc.gr/~batsakis/Interval-based#oi http://www.intelligence.tuc.gr/~batsakis/Interval-based#25	1
http://www.intelligence.tuc.gr/~batsakis/Interval-based#6 http://www.intelligence.tuc.gr/~batsakis/Interval-based#oi http://www.intelligence.tuc.gr/~batsakis/Interval-based#26	1
http://www.intelligence.tuc.gr/~batsakis/Interval-based#6 http://www.intelligence.tuc.gr/~batsakis/Interval-based#oi http://www.intelligence.tuc.gr/~batsakis/Interval-based#27	1
http://www.intelligence.tuc.gr/~batsakis/Interval-based#6 http://www.intelligence.tuc.gr/~batsakis/Interval-based#oi http://www.intelligence.tuc.gr/~batsakis/Interval-based#28	1
http://www.intelligence.tuc.gr/~batsakis/Interval-based#6 http://www.intelligence.tuc.gr/~batsakis/Interval-based#a http://www.intelligence.tuc.gr/~batsakis/Interval-based#29	1
http://www.intelligence.tuc.gr/~batsakis/Interval-based#7 http://www.intelligence.tuc.gr/~batsakis/Interval-based#s http://www.intelligence.tuc.gr/~batsakis/Interval-based#0	1
http://www.intelligence.tuc.gr/~batsakis/Interval-based#7 http://www.intelligence.tuc.gr/~batsakis/Interval-based#b http://www.intelligence.tuc.gr/~batsakis/Interval-based#1	1
http://www.intelligence.tuc.gr/~batsakis/Interval-based#7 http://www.intelligence.tuc.gr/~batsakis/Interval-based#ov http://www.intelligence.tuc.gr/~batsakis/Interval-based#2	1
http://www.intelligence.tuc.gr/~batsakis/Interval-based#7 http://www.intelligence.tuc.gr/~batsakis/Interval-based#oi http://www.intelligence.tuc.gr/~batsakis/Interval-based#3	1
http://www.intelligence.tuc.gr/~batsakis/Interval-based#7 http://www.intelligence.tuc.gr/~batsakis/Interval-based#a http://www.intelligence.tuc.gr/~batsakis/Interval-based#4	1
http://www.intelligence.tuc.gr/~batsakis/Interval-based#7 http://www.intelligence.tuc.gr/~batsakis/Interval-based#s http://www.intelligence.tuc.gr/~batsakis/Interval-based#5	1
http://www.intelligence.tuc.gr/~batsakis/Interval-based#7 http://www.intelligence.tuc.gr/~batsakis/Interval-based#ov http://www.intelligence.tuc.gr/~batsakis/Interval-based#6	1
http://www.intelligence.tuc.gr/~batsakis/Interval-based#7 http://www.intelligence.tuc.gr/~batsakis/Interval-based#ov http://www.intelligence.tuc.gr/~batsakis/Interval-based#8	1
http://www.intelligence.tuc.gr/~batsakis/Interval-based#7 http://www.intelligence.tuc.gr/~batsakis/Interval-based#s http://www.intelligence.tuc.gr/~batsakis/Interval-based#9	1
http://www.intelligence.tuc.gr/~batsakis/Interval-based#7 http://www.intelligence.tuc.gr/~batsakis/Interval-based#d http://www.intelligence.tuc.gr/~batsakis/Interval-based#10	1
http://www.intelligence.tuc.gr/~batsakis/Interval-based#7 http://www.intelligence.tuc.gr/~batsakis/Interval-based#a http://www.intelligence.tuc.gr/~batsakis/Interval-based#11	1
http://www.intelligence.tuc.gr/~batsakis/Interval-based#7 http://www.intelligence.tuc.gr/~batsakis/Interval-based#ov http://www.intelligence.tuc.gr/~batsakis/Interval-based#12	1
http://www.intelligence.tuc.gr/~batsakis/Interval-based#7 http://www.intelligence.tuc.gr/~batsakis/Interval-based#s http://www.intelligence.tuc.gr/~batsakis/Interval-based#13	1
http://www.intelligence.tuc.gr/~batsakis/Interval-based#7 http://www.intelligence.tuc.gr/~batsakis/Interval-based#a http://www.intelligence.tuc.gr/~batsakis/Interval-based#14	1
http://www.intelligence.tuc.gr/~batsakis/Interval-based#7 http://www.intelligence.tuc.gr/~batsakis/Interval-based#ov http://www.intelligence.tuc.gr/~batsakis/Interval-based#15	1
http://www.intelligence.tuc.gr/~batsakis/Interval-based#7 http://www.intelligence.tuc.gr/~batsakis/Interval-based#oi http://www.intelligence.tuc.gr/~batsakis/Interval-based#16	1
http://www.intelligence.tuc.gr/~batsakis/Interval-based#7 http://www.intelligence.tuc.gr/~batsakis/Interval-based#ov http://www.intelligence.tuc.gr/~batsakis/Interval-based#17	1
http://www.intelligence.tuc.gr/~batsakis/Interval-based#7 http://www.intelligence.tuc.gr/~batsakis/Interval-based#b http://www.intelligence.tuc.gr/~batsakis/Interval-based#18	1
http://www.intelligence.tuc.gr/~batsakis/Interval-based#7 http://www.intelligence.tuc.gr/~batsakis/Interval-based#a http://www.intelligence.tuc.gr/~batsakis/Interval-based#19	1
http://www.intelligence.tuc.gr/~batsakis/Interval-based#7 http://www.intelligence.tuc.gr/~batsakis/Interval-based#ov http://www.intelligence.tuc.gr/~batsakis/Interval-based#20	1
http://www.intelligence.tuc.gr/~batsakis/Interval-based#7 http://www.intelligence.tuc.gr/~batsakis/Interval-based#b http://www.intelligence.tuc.gr/~batsakis/Interval-based#21	1
http://www.intelligence.tuc.gr/~batsakis/Interval-based#7 http://www.intelligence.tuc.gr/~batsakis/Interval-based#b http://www.intelligence.tuc.gr/~batsakis/Interval-based#22	1
http://www.intelligence.tuc.gr/~batsakis/Interval-based#7 http://www.intelligence.tuc.gr/~batsakis/Interval-based#d http://www.intelligence.tuc.gr/~batsakis/Interval-based#23	1
http://www.intelligence.tuc.gr/~batsakis/Interval-based#7 http://www.intelligence.tuc.gr/~batsakis/Interval-based#d http://www.intelligence.tuc.gr/~batsakis/Interval-based#24	1
http://www.intelligence.tuc.gr/~batsakis/Interval-based#7 http://www.intelligence.tuc.gr/~batsakis/Interval-based#oi http://www.intelligence.tuc.gr/~batsakis/Interval-based#25	1
http://www.intelligence.tuc.gr/~batsakis/Interval-based#7 http://www.intelligence.tuc.gr/~batsakis/Interval-based#oi http://www.intelligence.tuc.gr/~batsakis/Interval-based#26	1
http://www.intelligence.tuc.gr/~batsakis/Interval-based#7 http://www.intelligence.tuc.gr/~batsakis/Interval-based#oi http://www.intelligence.tuc.gr/~batsakis/Interval-based#27	1
http://www.intelligence.tuc.gr/~batsakis/Interval-based#7 http://www.intelligence.tuc.gr/~batsakis/Interval-based#oi http://www.intelligence.tuc.gr/~batsakis/Interval-based#28	1
http://www.intelligence.tuc.gr/~batsakis/Interval-based#7 http://www.intelligence.tuc.gr/~batsakis/Interval-based#a http://www.intelligence.tuc.gr/~batsakis/Interval-based#29	1
http://www.intelligence.tuc.gr/~batsakis/Interval-based#8 http://www.intelligence.tuc.gr/~batsakis/Interval-based#d http://www.intelligence.tuc.gr/~batsakis/Interval-based#0	1
http://www.intelligence.tuc.gr/~batsakis/Interval-based#8 http://www.intelligence.tuc.gr/~batsakis/Interval-based#di http://www.intelligence.tuc.gr/~batsakis/Interval-based#1	1
http://www.intelligence.tuc.gr/~batsakis/Interval-based#8 http://www.intelligence.tuc.gr/~batsakis/Interval-based#oi http://www.intelligence.tuc.gr/~batsakis/Interval-based#2	1
http://www.intelligence.tuc.gr/~batsakis/Interval-based#8 http://www.intelligence.tuc.gr/~batsakis/Interval-based#oi http://www.intelligence.tuc.gr/~batsakis/Interval-based#3	1
http://www.intelligence.tuc.gr/~batsakis/Interval-based#8 http://www.intelligence.tuc.gr/~batsakis/Interval-based#a http://www.intelligence.tuc.gr/~batsakis/Interval-based#4	1
http://www.intelligence.tuc.gr/~batsakis/Interval-based#8 http://www.intelligence.tuc.gr/~batsakis/Interval-based#oi http://www.intelligence.tuc.gr/~batsakis/Interval-based#5	1
http://www.intelligence.tuc.gr/~batsakis/Interval-based#8 http://www.intelligence.tuc.gr/~batsakis/Interval-based#d http://www.intelligence.tuc.gr/~batsakis/Interval-based#6	1
http://www.intelligence.tuc.gr/~batsakis/Interval-based#8 http://www.intelligence.tuc.gr/~batsakis/Interval-based#oi http://www.intelligence.tuc.gr/~batsakis/Interval-based#7	1
http://www.intelligence.tuc.gr/~batsakis/Interval-based#8 http://www.intelligence.tuc.gr/~batsakis/Interval-based#d http://www.intelligence.tuc.gr/~batsakis/Interval-based#9	1
http://www.intelligence.tuc.gr/~batsakis/Interval-based#8 http://www.intelligence.tuc.gr/~batsakis/Interval-based#d http://www.intelligence.tuc.gr/~batsakis/Interval-based#10	1
http://www.intelligence.tuc.gr/~batsakis/Interval-based#8 http://www.intelligence.tuc.gr/~batsakis/Interval-based#a http://www.intelligence.tuc.gr/~batsakis/Interval-based#11	1
http://www.intelligence.tuc.gr/~batsakis/Interval-based#8 http://www.intelligence.tuc.gr/~batsakis/Interval-based#f http://www.intelligence.tuc.gr/~batsakis/Interval-based#12	1
http://www.intelligence.tuc.gr/~batsakis/Interval-based#8 http://www.intelligence.tuc.gr/~batsakis/Interval-based#d http://www.intelligence.tuc.gr/~batsakis/Interval-based#13	1
http://www.intelligence.tuc.gr/~batsakis/Interval-based#8 http://www.intelligence.tuc.gr/~batsakis/Interval-based#a http://www.intelligence.tuc.gr/~batsakis/Interval-based#14	1
http://www.intelligence.tuc.gr/~batsakis/Interval-based#8 http://www.intelligence.tuc.gr/~batsakis/Interval-based#d http://www.intelligence.tuc.gr/~batsakis/Interval-based#15	1
http://www.intelligence.tuc.gr/~batsakis/Interval-based#8 http://www.intelligence.tuc.gr/~batsakis/Interval-based#a http://www.intelligence.tuc.gr/~batsakis/Interval-based#16	1
http://www.intelligence.tuc.gr/~batsakis/Interval-based#8 http://www.intelligence.tuc.gr/~batsakis/Interval-based#oi http://www.intelligence.tuc.gr/~batsakis/Interval-based#17	1
http://www.intelligence.tuc.gr/~batsakis/Interval-based#8 http://www.intelligence.tuc.gr/~batsakis/Interval-based#ov http://www.intelligence.tuc.gr/~batsakis/Interval-based#18	1
http://www.intelligence.tuc.gr/~batsakis/Interval-based#8 http://www.intelligence.tuc.gr/~batsakis/Interval-based#a http://www.intelligence.tuc.gr/~batsakis/Interval-based#19	1
http://www.intelligence.tuc.gr/~batsakis/Interval-based#8 http://www.intelligence.tuc.gr/~batsakis/Interval-based#d http://www.intelligence.tuc.gr/~batsakis/Interval-based#20	1
http://www.intelligence.tuc.gr/~batsakis/Interval-based#8 http://www.intelligence.tuc.gr/~batsakis/Interval-based#ov http://www.intelligence.tuc.gr/~batsakis/Interval-based#21	1
http://www.intelligence.tuc.gr/~batsakis/Interval-based#8 http://www.intelligence.tuc.gr/~batsakis/Interval-based#di http://www.intelligence.tuc.gr/~batsakis/Interval-based#22	1
http://www.intelligence.tuc.gr/~batsakis/Interval-based#8 http://www.intelligence.tuc.gr/~batsakis/Interval-based#f http://www.intelligence.tuc.gr/~batsakis/Interval-based#23	1
http://www.intelligence.tuc.gr/~batsakis/Interval-based#8 http://www.intelligence.tuc.gr/~batsakis/Interval-based#d http://www.intelligence.tuc.gr/~batsakis/Interval-based#24	1
http://www.intelligence.tuc.gr/~batsakis/Interval-based#8 http://www.intelligence.tuc.gr/~batsakis/Interval-based#a http://www.intelligence.tuc.gr/~batsakis/Interval-based#25	1
http://www.intelligence.tuc.gr/~batsakis/Interval-based#8 http://www.intelligence.tuc.gr/~batsakis/Interval-based#a http://www.intelligence.tuc.gr/~batsakis/Interval-based#26	1
http://www.intelligence.tuc.gr/~batsakis/Interval-based#8 http://www.intelligence.tuc.gr/~batsakis/Interval-based#a http://www.intelligence.tuc.gr/~batsakis/Interval-based#27	1
http://www.intelligence.tuc.gr/~batsakis/Interval-based#8 http://www.intelligence.tuc.gr/~batsakis/Interval-based#a http://www.intelligence.tuc.gr/~batsakis/Interval-based#28	1
http://www.intelligence.tuc.gr/~batsakis/Interval-based#8 http://www.intelligence.tuc.gr/~batsakis/Interval-based#a http://www.intelligence.tuc.gr/~batsakis/Interval-based#29	1
http://www.intelligence.tuc.gr/~batsakis/Interval-based#9 http://www.intelligence.tuc.gr/~batsakis/Interval-based#si http://www.intelligence.tuc.gr/~batsakis/Interval-based#0	1
http://www.intelligence.tuc.gr/~batsakis/Interval-based#9 http://www.intelligence.tuc.gr/~batsakis/Interval-based#di http://www.intelligence.tuc.gr/~batsakis/Interval-based#1	1
http://www.intelligence.tuc.gr/~batsakis/Interval-based#9 http://www.intelligence.tuc.gr/~batsakis/Interval-based#di http://www.intelligence.tuc.gr/~batsakis/Interval-based#2	1
http://www.intelligence.tuc.gr/~batsakis/Interval-based#9 http://www.intelligence.tuc.gr/~batsakis/Interval-based#oi http://www.intelligence.tuc.gr/~batsakis/Interval-based#3	1
http://www.intelligence.tuc.gr/~batsakis/Interval-based#9 http://www.intelligence.tuc.gr/~batsakis/Interval-based#a http://www.intelligence.tuc.gr/~batsakis/Interval-based#4	1
http://www.intelligence.tuc.gr/~batsakis/Interval-based#9 http://www.intelligence.tuc.gr/~batsakis/Interval-based#si http://www.intelligence.tuc.gr/~batsakis/Interval-based#5	1
http://www.intelligence.tuc.gr/~batsakis/Interval-based#9 http://www.intelligence.tuc.gr/~batsakis/Interval-based#di http://www.intelligence.tuc.gr/~batsakis/Interval-based#6	1
http://www.intelligence.tuc.gr/~batsakis/Interval-based#9 http://www.intelligence.tuc.gr/~batsakis/Interval-based#si http://www.intelligence.tuc.gr/~batsakis/Interval-based#7	1
http://www.intelligence.tuc.gr/~batsakis/Interval-based#9 http://www.intelligence.tuc.gr/~batsakis/Interval-based#di http://www.intelligence.tuc.gr/~batsakis/Interval-based#8	1
http://www.intelligence.tuc.gr/~batsakis/Interval-based#9 http://www.intelligence.tuc.gr/~batsakis/Interval-based#oi http://www.intelligence.tuc.gr/~batsakis/Interval-based#10	1
http://www.intelligence.tuc.gr/~batsakis/Interval-based#9 http://www.intelligence.tuc.gr/~batsakis/Interval-based#a http://www.intelligence.tuc.gr/~batsakis/Interval-based#11	1
http://www.intelligence.tuc.gr/~batsakis/Interval-based#9 http://www.intelligence.tuc.gr/~batsakis/Interval-based#di http://www.intelligence.tuc.gr/~batsakis/Interval-based#12	1
http://www.intelligence.tuc.gr/~batsakis/Interval-based#9 http://www.intelligence.tuc.gr/~batsakis/Interval-based#si http://www.intelligence.tuc.gr/~batsakis/Interval-based#13	1
http://www.intelligence.tuc.gr/~batsakis/Interval-based#9 http://www.intelligence.tuc.gr/~batsakis/Interval-based#a http://www.intelligence.tuc.gr/~batsakis/Interval-based#14	1
http://www.intelligence.tuc.gr/~batsakis/Interval-based#9 http://www.intelligence.tuc.gr/~batsakis/Interval-based#di http://www.intelligence.tuc.gr/~batsakis/Interval-based#15	1
http://www.intelligence.tuc.gr/~batsakis/Interval-based#9 http://www.intelligence.tuc.gr/~batsakis/Interval-based#oi http://www.intelligence.tuc.gr/~batsakis/Interval-based#16	1
http://www.intelligence.tuc.gr/~batsakis/Interval-based#9 http://www.intelligence.tuc.gr/~batsakis/Interval-based#di http://www.intelligence.tuc.gr/~batsakis/Interval-based#17	1
http://www.intelligence.tuc.gr/~batsakis/Interval-based#9 http://www.intelligence.tuc.gr/~batsakis/Interval-based#di http://www.intelligence.tuc.gr/~batsakis/Interval-based#18	1
http://www.intelligence.tuc.gr/~batsakis/Interval-based#9 http://www.intelligence.tuc.gr/~batsakis/Interval-based#a http://www.intelligence.tuc.gr/~batsakis/Interval-based#19	1
http://www.intelligence.tuc.gr/~batsakis/Interval-based#9 http://www.intelligence.tuc.gr/~batsakis/Interval-based#di http://www.intelligence.tuc.gr/~batsakis/Interval-based#20	1
http://www.intelligence.tuc.gr/~batsakis/Interval-based#9 http://www.intelligence.tuc.gr/~batsakis/Interval-based#ov http://www.intelligence.tuc.gr/~batsakis/Interval-based#21	1
http://www.intelligence.tuc.gr/~batsakis/Interval-based#9 http://www.intelligence.tuc.gr/~batsakis/Interval-based#di http://www.intelligence.tuc.gr/~batsakis/Interval-based#22	1
http://www.intelligence.tuc.gr/~batsakis/Interval-based#9 http://www.intelligence.tuc.gr/~batsakis/Interval-based#oi http://www.intelligence.tuc.gr/~batsakis/Interval-based#23	1
http://www.intelligence.tuc.gr/~batsakis/Interval-based#9 http://www.intelligence.tuc.gr/~batsakis/Interval-based#oi http://www.intelligence.tuc.gr/~batsakis/Interval-based#24	1
http://www.intelligence.tuc.gr/~batsakis/Interval-based#9 http://www.intelligence.tuc.gr/~batsakis/Interval-based#oi http://www.intelligence.tuc.gr/~batsakis/Interval-based#25	1
http://www.intelligence.tuc.gr/~batsakis/Interval-based#9 http://www.intelligence.tuc.gr/~batsakis/Interval-based#oi http://www.intelligence.tuc.gr/~batsakis/Interval-based#26	1
http://www.intelligence.tuc.gr/~batsakis/Interval-based#9 http://www.intelligence.tuc.gr/~batsakis/Interval-based#oi http://www.intelligence.tuc.gr/~batsakis/Interval-based#27	1
http://www.intelligence.tuc.gr/~batsakis/Interval-based#9 http://www.intelligence.tuc.gr/~batsakis/Interval-based#oi http://www.intelligence.tuc.gr/~batsakis/Interval-based#28	1
http://www.intelligence.tuc.gr/~batsakis/Interval-based#9 http://www.intelligence.tuc.gr/~batsakis/Interval-based#a http://www.intelligence.tuc.gr/~batsakis/Interval-based#29	1
http://www.intelligence.tuc.gr/~batsakis/Interval-based#10 http://www.intelligence.tuc.gr/~batsakis/Interval-based#fi http://www.intelligence.tuc.gr/~batsakis/Interval-based#0	1
http://www.intelligence.tuc.gr/~batsakis/Interval-based#10 http://www.intelligence.tuc.gr/~batsakis/Interval-based#di http://www.intelligence.tuc.gr/~batsakis/Interval-based#1	1
http://www.intelligence.tuc.gr/~batsakis/Interval-based#10 http://www.intelligence.tuc.gr/~batsakis/Interval-based#di http://www.intelligence.tuc.gr/~batsakis/Interval-based#2	1
http://www.intelligence.tuc.gr/~batsakis/Interval-based#10 http://www.intelligence.tuc.gr/~batsakis/Interval-based#oi http://www.intelligence.tuc.gr/~batsakis/Interval-based#3	1
http://www.intelligence.tuc.gr/~batsakis/Interval-based#10 http://www.intelligence.tuc.gr/~batsakis/Interval-based#oi http://www.intelligence.tuc.gr/~batsakis/Interval-based#4	1
http://www.intelligence.tuc.gr/~batsakis/Interval-based#10 http://www.intelligence.tuc.gr/~batsakis/Interval-based#di http://www.intelligence.tuc.gr/~batsakis/Interval-based#5	1
http://www.intelligence.tuc.gr/~batsakis/Interval-based#10 http://www.intelligence.tuc.gr/~batsakis/Interval-based#ov http://www.intelligence.tuc.gr/~batsakis/Interval-based#6	1
http://www.intelligence.tuc.gr/~batsakis/Interval-based#10 http://www.intelligence.tuc.gr/~batsakis/Interval-based#di http://www.intelligence.tuc.gr/~batsakis/Interval-based#7	1
http://www.intelligence.tuc.gr/~batsakis/Interval-based#10 http://www.intelligence.tuc.gr/~batsakis/Interval-based#di http://www.intelligence.tuc.gr/~batsakis/Interval-based#8	1
http://www.intelligence.tuc.gr/~batsakis/Interval-based#10 http://www.intelligence.tuc.gr/~batsakis/Interval-based#ov http://www.intelligence.tuc.gr/~batsakis/Interval-based#9	1
http://www.intelligence.tuc.gr/~batsakis/Interval-based#10 http://www.intelligence.tuc.gr/~batsakis/Interval-based#oi http://www.intelligence.tuc.gr/~batsakis/Interval-based#11	1
http://www.intelligence.tuc.gr/~batsakis/Interval-based#10 http://www.intelligence.tuc.gr/~batsakis/Interval-based#di http://www.intelligence.tuc.gr/~batsakis/Interval-based#12	1
http://www.intelligence.tuc.gr/~batsakis/Interval-based#10 http://www.intelligence.tuc.gr/~batsakis/Interval-based#fi http://www.intelligence.tuc.gr/~batsakis/Interval-based#13	1
http://www.intelligence.tuc.gr/~batsakis/Interval-based#10 http://www.intelligence.tuc.gr/~batsakis/Interval-based#oi http://www.intelligence.tuc.gr/~batsakis/Interval-based#14	1
http://www.intelligence.tuc.gr/~batsakis/Interval-based#10 http://www.intelligence.tuc.gr/~batsakis/Interval-based#ov http://www.intelligence.tuc.gr/~batsakis/Interval-based#15	1
http://www.intelligence.tuc.gr/~batsakis/Interval-based#10 http://www.intelligence.tuc.gr/~batsakis/Interval-based#oi http://www.intelligence.tuc.gr/~batsakis/Interval-based#16	1
http://www.intelligence.tuc.gr/~batsakis/Interval-based#10 http://www.intelligence.tuc.gr/~batsakis/Interval-based#di http://www.intelligence.tuc.gr/~batsakis/Interval-based#17	1
http://www.intelligence.tuc.gr/~batsakis/Interval-based#10 http://www.intelligence.tuc.gr/~batsakis/Interval-based#ov http://www.intelligence.tuc.gr/~batsakis/Interval-based#18	1
http://www.intelligence.tuc.gr/~batsakis/Interval-based#10 http://www.intelligence.tuc.gr/~batsakis/Interval-based#oi http://www.intelligence.tuc.gr/~batsakis/Interval-based#19	1
http://www.intelligence.tuc.gr/~batsakis/Interval-based#10 http://www.intelligence.tuc.gr/~batsakis/Interval-based#ov http://www.intelligence.tuc.gr/~batsakis/Interval-based#20	1
http://www.intelligence.tuc.gr/~batsakis/Interval-based#10 http://www.intelligence.tuc.gr/~batsakis/Interval-based#ov http://www.intelligence.tuc.gr/~batsakis/Interval-based#21	1
http://www.intelligence.tuc.gr/~batsakis/Interval-based#10 http://www.intelligence.tuc.gr/~batsakis/Interval-based#di http://www.intelligence.tuc.gr/~batsakis/Interval-based#22	1
http://www.intelligence.tuc.gr/~batsakis/Interval-based#10 http://www.intelligence.tuc.gr/~batsakis/Interval-based#di http://www.intelligence.tuc.gr/~batsakis/Interval-based#23	1
http://www.intelligence.tuc.gr/~batsakis/Interval-based#10 http://www.intelligence.tuc.gr/~batsakis/Interval-based#d http://www.intelligence.tuc.gr/~batsakis/Interval-based#24	1
http://www.intelligence.tuc.gr/~batsakis/Interval-based#10 http://www.intelligence.tuc.gr/~batsakis/Interval-based#di http://www.intelligence.tuc.gr/~batsakis/Interval-based#25	1
http://www.intelligence.tuc.gr/~batsakis/Interval-based#10 http://www.intelligence.tuc.gr/~batsakis/Interval-based#oi http://www.intelligence.tuc.gr/~batsakis/Interval-based#26	1
http://www.intelligence.tuc.gr/~batsakis/Interval-based#10 http://www.intelligence.tuc.gr/~batsakis/Interval-based#oi http://www.intelligence.tuc.gr/~batsakis/Interval-based#27	1
http://www.intelligence.tuc.gr/~batsakis/Interval-based#10 http://www.intelligence.tuc.gr/~batsakis/Interval-based#di http://www.intelligence.tuc.gr/~batsakis/Interval-based#28	1
http://www.intelligence.tuc.gr/~batsakis/Interval-based#10 http://www.intelligence.tuc.gr/~batsakis/Interval-based#a http://www.intelligence.tuc.gr/~batsakis/Interval-based#29	1
http://www.intelligence.tuc.gr/~batsakis/Interval-based#11 http://www.intelligence.tuc.gr/~batsakis/Interval-based#b http://www.intelligence.tuc.gr/~batsakis/Interval-based#0	1
http://www.intelligence.tuc.gr/~batsakis/Interval-based#11 http://www.intelligence.tuc.gr/~batsakis/Interval-based#b http://www.intelligence.tuc.gr/~batsakis/Interval-based#1	1
http://www.intelligence.tuc.gr/~batsakis/Interval-based#11 http://www.intelligence.tuc.gr/~batsakis/Interval-based#b http://www.intelligence.tuc.gr/~batsakis/Interval-based#2	1
http://www.intelligence.tuc.gr/~batsakis/Interval-based#11 http://www.intelligence.tuc.gr/~batsakis/Interval-based#d http://www.intelligence.tuc.gr/~batsakis/Interval-based#3	1
http://www.intelligence.tuc.gr/~batsakis/Interval-based#11 http://www.intelligence.tuc.gr/~batsakis/Interval-based#eq http://www.intelligence.tuc.gr/~batsakis/Interval-based#4	1
http://www.intelligence.tuc.gr/~batsakis/Interval-based#11 http://www.intelligence.tuc.gr/~batsakis/Interval-based#b http://www.intelligence.tuc.gr/~batsakis/Interval-based#5	1
http://www.intelligence.tuc.gr/~batsakis/Interval-based#11 http://www.intelligence.tuc.gr/~batsakis/Interval-based#b http://www.intelligence.tuc.gr/~batsakis/Interval-based#6	1
http://www.intelligence.tuc.gr/~batsakis/Interval-based#11 http://www.intelligence.tuc.gr/~batsakis/Interval-based#b http://www.intelligence.tuc.gr/~batsakis/Interval-based#7	1
http://www.intelligence.tuc.gr/~batsakis/Interval-based#11 http://www.intelligence.tuc.gr/~batsakis/Interval-based#b http://www.intelligence.tuc.gr/~batsakis/Interval-based#8	1
http://www.intelligence.tuc.gr/~batsakis/Interval-based#11 http://www.intelligence.tuc.gr/~batsakis/Interval-based#b http://www.intelligence.tuc.gr/~batsakis/Interval-based#9	1
http://www.intelligence.tuc.gr/~batsakis/Interval-based#11 http://www.intelligence.tuc.gr/~batsakis/Interval-based#ov http://www.intelligence.tuc.gr/~batsakis/Interval-based#10	1
http://www.intelligence.tuc.gr/~batsakis/Interval-based#11 http://www.intelligence.tuc.gr/~batsakis/Interval-based#b http://www.intelligence.tuc.gr/~batsakis/Interval-based#12	1
http://www.intelligence.tuc.gr/~batsakis/Interval-based#11 http://www.intelligence.tuc.gr/~batsakis/Interval-based#b http://www.intelligence.tuc.gr/~batsakis/Interval-based#13	1
http://www.intelligence.tuc.gr/~batsakis/Interval-based#11 http://www.intelligence.tuc.gr/~batsakis/Interval-based#oi http://www.intelligence.tuc.gr/~batsakis/Interval-based#14	1
http://www.intelligence.tuc.gr/~batsakis/Interval-based#11 http://www.intelligence.tuc.gr/~batsakis/Interval-based#b http://www.intelligence.tuc.gr/~batsakis/Interval-based#15	1
http://www.intelligence.tuc.gr/~batsakis/Interval-based#11 http://www.intelligence.tuc.gr/~batsakis/Interval-based#ov http://www.intelligence.tuc.gr/~batsakis/Interval-based#16	1
http://www.intelligence.tuc.gr/~batsakis/Interval-based#11 http://www.intelligence.tuc.gr/~batsakis/Interval-based#b http://www.intelligence.tuc.gr/~batsakis/Interval-based#17	1
http://www.intelligence.tuc.gr/~batsakis/Interval-based#11 http://www.intelligence.tuc.gr/~batsakis/Interval-based#b http://www.intelligence.tuc.gr/~batsakis/Interval-based#18	1
http://www.intelligence.tuc.gr/~batsakis/Interval-based#11 http://www.intelligence.tuc.gr/~batsakis/Interval-based#oi http://www.intelligence.tuc.gr/~batsakis/Interval-based#19	1
http://www.intelligence.tuc.gr/~batsakis/Interval-based#11 http://www.intelligence.tuc.gr/~batsakis/Interval-based#b http://www.intelligence.tuc.gr/~batsakis/Interval-based#20	1
http://www.intelligence.tuc.gr/~batsakis/Interval-based#11 http://www.intelligence.tuc.gr/~batsakis/Interval-based#b http://www.intelligence.tuc.gr/~batsakis/Interval-based#21	1
http://www.intelligence.tuc.gr/~batsakis/Interval-based#11 http://www.intelligence.tuc.gr/~batsakis/Interval-based#b http://www.intelligence.tuc.gr/~batsakis/Interval-based#22	1
http://www.intelligence.tuc.gr/~batsakis/Interval-based#11 http://www.intelligence.tuc.gr/~batsakis/Interval-based#ov http://www.intelligence.tuc.gr/~batsakis/Interval-based#23	1
http://www.intelligence.tuc.gr/~batsakis/Interval-based#11 http://www.intelligence.tuc.gr/~batsakis/Interval-based#d http://www.intelligence.tuc.gr/~batsakis/Interval-based#24	1
http://www.intelligence.tuc.gr/~batsakis/Interval-based#11 http://www.intelligence.tuc.gr/~batsakis/Interval-based#b http://www.intelligence.tuc.gr/~batsakis/Interval-based#25	1
http://www.intelligence.tuc.gr/~batsakis/Interval-based#11 http://www.intelligence.tuc.gr/~batsakis/Interval-based#d http://www.intelligence.tuc.gr/~batsakis/Interval-based#26	1
http://www.intelligence.tuc.gr/~batsakis/Interval-based#11 http://www.intelligence.tuc.gr/~batsakis/Interval-based#d http://www.intelligence.tuc.gr/~batsakis/Interval-based#27	1
http://www.intelligence.tuc.gr/~batsakis/Interval-based#11 http://www.intelligence.tuc.gr/~batsakis/Interval-based#b http://www.intelligence.tuc.gr/~batsakis/Interval-based#28	1
http://www.intelligence.tuc.gr/~batsakis/Interval-based#11 http://www.intelligence.tuc.gr/~batsakis/Interval-based#a http://www.intelligence.tuc.gr/~batsakis/Interval-based#29	1
http://www.intelligence.tuc.gr/~batsakis/Interval-based#12 http://www.intelligence.tuc.gr/~batsakis/Interval-based#d http://www.intelligence.tuc.gr/~batsakis/Interval-based#0	1
http://www.intelligence.tuc.gr/~batsakis/Interval-based#12 http://www.intelligence.tuc.gr/~batsakis/Interval-based#di http://www.intelligence.tuc.gr/~batsakis/Interval-based#1	1
http://www.intelligence.tuc.gr/~batsakis/Interval-based#12 http://www.intelligence.tuc.gr/~batsakis/Interval-based#oi http://www.intelligence.tuc.gr/~batsakis/Interval-based#2	1
http://www.intelligence.tuc.gr/~batsakis/Interval-based#12 http://www.intelligence.tuc.gr/~batsakis/Interval-based#oi http://www.intelligence.tuc.gr/~batsakis/Interval-based#3	1
http://www.intelligence.tuc.gr/~batsakis/Interval-based#12 http://www.intelligence.tuc.gr/~batsakis/Interval-based#a http://www.intelligence.tuc.gr/~batsakis/Interval-based#4	1
http://www.intelligence.tuc.gr/~batsakis/Interval-based#12 http://www.intelligence.tuc.gr/~batsakis/Interval-based#oi http://www.intelligence.tuc.gr/~batsakis/Interval-based#5	1
http://www.intelligence.tuc.gr/~batsakis/Interval-based#12 http://www.intelligence.tuc.gr/~batsakis/Interval-based#d http://www.intelligence.tuc.gr/~batsakis/Interval-based#6	1
http://www.intelligence.tuc.gr/~batsakis/Interval-based#12 http://www.intelligence.tuc.gr/~batsakis/Interval-based#oi http://www.intelligence.tuc.gr/~batsakis/Interval-based#7	1
http://www.intelligence.tuc.gr/~batsakis/Interval-based#12 http://www.intelligence.tuc.gr/~batsakis/Interval-based#fi http://www.intelligence.tuc.gr/~batsakis/Interval-based#8	1
http://www.intelligence.tuc.gr/~batsakis/Interval-based#12 http://www.intelligence.tuc.gr/~batsakis/Interval-based#d http://www.intelligence.tuc.gr/~batsakis/Interval-based#9	1
http://www.intelligence.tuc.gr/~batsakis/Interval-based#12 http://www.intelligence.tuc.gr/~batsakis/Interval-based#d http://www.intelligence.tuc.gr/~batsakis/Interval-based#10	1
http://www.intelligence.tuc.gr/~batsakis/Interval-based#12 http://www.intelligence.tuc.gr/~batsakis/Interval-based#a http://www.intelligence.tuc.gr/~batsakis/Interval-based#11	1
http://www.intelligence.tuc.gr/~batsakis/Interval-based#12 http://www.intelligence.tuc.gr/~batsakis/Interval-based#d http://www.intelligence.tuc.gr/~batsakis/Interval-based#13	1
http://www.intelligence.tuc.gr/~batsakis/Interval-based#12 http://www.intelligence.tuc.gr/~batsakis/Interval-based#a http://www.intelligence.tuc.gr/~batsakis/Interval-based#14	1
http://www.intelligence.tuc.gr/~batsakis/Interval-based#12 http://www.intelligence.tuc.gr/~batsakis/Interval-based#d http://www.intelligence.tuc.gr/~batsakis/Interval-based#15	1
http://www.intelligence.tuc.gr/~batsakis/Interval-based#12 http://www.intelligence.tuc.gr/~batsakis/Interval-based#oi http://www.intelligence.tuc.gr/~batsakis/Interval-based#16	1
http://www.intelligence.tuc.gr/~batsakis/Interval-based#12 http://www.intelligence.tuc.gr/~batsakis/Interval-based#oi http://www.intelligence.tuc.gr/~batsakis/Interval-based#17	1
http://www.intelligence.tuc.gr/~batsakis/Interval-based#12 http://www.intelligence.tuc.gr/~batsakis/Interval-based#ov http://www.intelligence.tuc.gr/~batsakis/Interval-based#18	1
http://www.intelligence.tuc.gr/~batsakis/Interval-based#12 http://www.intelligence.tuc.gr/~batsakis/Interval-based#a http://www.intelligence.tuc.gr/~batsakis/Interval-based#19	1
http://www.intelligence.tuc.gr/~batsakis/Interval-based#12 http://www.intelligence.tuc.gr/~batsakis/Interval-based#ov http://www.intelligence.tuc.gr/~batsakis/Interval-based#20	1
http://www.intelligence.tuc.gr/~batsakis/Interval-based#12 http://www.intelligence.tuc.gr/~batsakis/Interval-based#ov http://www.intelligence.tuc.gr/~batsakis/Interval-based#21	1
http://www.intelligence.tuc.gr/~batsakis/Interval-based#12 http://www.intelligence.tuc.gr/~batsakis/Interval-based#di http://www.intelligence.tuc.gr/~batsakis/Interval-based#22	1
http://www.intelligence.tuc.gr/~batsakis/Interval-based#12 http://www.intelligence.tuc.gr/~batsakis/Interval-based#f http://www.intelligence.tuc.gr/~batsakis/Interval-based#23	1
http://www.intelligence.tuc.gr/~batsakis/Interval-based#12 http://www.intelligence.tuc.gr/~batsakis/Interval-based#d http://www.intelligence.tuc.gr/~batsakis/Interval-based#24	1
http://www.intelligence.tuc.gr/~batsakis/Interval-based#12 http://www.intelligence.tuc.gr/~batsakis/Interval-based#oi http://www.intelligence.tuc.gr/~batsakis/Interval-based#25	1
http://www.intelligence.tuc.gr/~batsakis/Interval-based#12 http://www.intelligence.tuc.gr/~batsakis/Interval-based#oi http://www.intelligence.tuc.gr/~batsakis/Interval-based#26	1
http://www.intelligence.tuc.gr/~batsakis/Interval-based#12 http://www.intelligence.tuc.gr/~batsakis/Interval-based#oi http://www.intelligence.tuc.gr/~batsakis/Interval-based#27	1
http://www.intelligence.tuc.gr/~batsakis/Interval-based#12 http://www.intelligence.tuc.gr/~batsakis/Interval-based#oi http://www.intelligence.tuc.gr/~batsakis/Interval-based#28	1
http://www.intelligence.tuc.gr/~batsakis/Interval-based#12 http://www.intelligence.tuc.gr/~batsakis/Interval-based#a http://www.intelligence.tuc.gr/~batsakis/Interval-based#29	1
http://www.intelligence.tuc.gr/~batsakis/Interval-based#13 http://www.intelligence.tuc.gr/~batsakis/Interval-based#eq http://www.intelligence.tuc.gr/~batsakis/Interval-based#0	1
http://www.intelligence.tuc.gr/~batsakis/Interval-based#13 http://www.intelligence.tuc.gr/~batsakis/Interval-based#di http://www.intelligence.tuc.gr/~batsakis/Interval-based#1	1
http://www.intelligence.tuc.gr/~batsakis/Interval-based#13 http://www.intelligence.tuc.gr/~batsakis/Interval-based#di http://www.intelligence.tuc.gr/~batsakis/Interval-based#2	1
http://www.intelligence.tuc.gr/~batsakis/Interval-based#13 http://www.intelligence.tuc.gr/~batsakis/Interval-based#oi http://www.intelligence.tuc.gr/~batsakis/Interval-based#3	1
http://www.intelligence.tuc.gr/~batsakis/Interval-based#13 http://www.intelligence.tuc.gr/~batsakis/Interval-based#a http://www.intelligence.tuc.gr/~batsakis/Interval-based#4	1
http://www.intelligence.tuc.gr/~batsakis/Interval-based#13 http://www.intelligence.tuc.gr/~batsakis/Interval-based#si http://www.intelligence.tuc.gr/~batsakis/Interval-based#5	1
http://www.intelligence.tuc.gr/~batsakis/Interval-based#13 http://www.intelligence.tuc.gr/~batsakis/Interval-based#ov http://www.intelligence.tuc.gr/~batsakis/Interval-based#6	1
http://www.intelligence.tuc.gr/~batsakis/Interval-based#13 http://www.intelligence.tuc.gr/~batsakis/Interval-based#si http://www.intelligence.tuc.gr/~batsakis/Interval-based#7	1
http://www.intelligence.tuc.gr/~batsakis/Interval-based#13 http://www.intelligence.tuc.gr/~batsakis/Interval-based#di http://www.intelligence.tuc.gr/~batsakis/Interval-based#8	1
http://www.intelligence.tuc.gr/~batsakis/Interval-based#13 http://www.intelligence.tuc.gr/~batsakis/Interval-based#s http://www.intelligence.tuc.gr/~batsakis/Interval-based#9	1
http://www.intelligence.tuc.gr/~batsakis/Interval-based#13 http://www.intelligence.tuc.gr/~batsakis/Interval-based#f http://www.intelligence.tuc.gr/~batsakis/Interval-based#10	1
http://www.intelligence.tuc.gr/~batsakis/Interval-based#13 http://www.intelligence.tuc.gr/~batsakis/Interval-based#a http://www.intelligence.tuc.gr/~batsakis/Interval-based#11	1
http://www.intelligence.tuc.gr/~batsakis/Interval-based#13 http://www.intelligence.tuc.gr/~batsakis/Interval-based#di http://www.intelligence.tuc.gr/~batsakis/Interval-based#12	1
http://www.intelligence.tuc.gr/~batsakis/Interval-based#13 http://www.intelligence.tuc.gr/~batsakis/Interval-based#a http://www.intelligence.tuc.gr/~batsakis/Interval-based#14	1
http://www.intelligence.tuc.gr/~batsakis/Interval-based#13 http://www.intelligence.tuc.gr/~batsakis/Interval-based#ov http://www.intelligence.tuc.gr/~batsakis/Interval-based#15	1
http://www.intelligence.tuc.gr/~batsakis/Interval-based#13 http://www.intelligence.tuc.gr/~batsakis/Interval-based#oi http://www.intelligence.tuc.gr/~batsakis/Interval-based#16	1
http://www.intelligence.tuc.gr/~batsakis/Interval-based#13 http://www.intelligence.tuc.gr/~batsakis/Interval-based#di http://www.intelligence.tuc.gr/~batsakis/Interval-based#17	1
http://www.intelligence.tuc.gr/~batsakis/Interval-based#13 http://www.intelligence.tuc.gr/~batsakis/Interval-based#ov http://www.intelligence.tuc.gr/~batsakis/Interval-based#18	1
http://www.intelligence.tuc.gr/~batsakis/Interval-based#13 http://www.intelligence.tuc.gr/~batsakis/Interval-based#a http://www.intelligence.tuc.gr/~batsakis/Interval-based#19	1
http://www.intelligence.tuc.gr/~batsakis/Interval-based#13 http://www.intelligence.tuc.gr/~batsakis/Interval-based#ov http://www.intelligence.tuc.gr/~batsakis/Interval-based#20	1
http://www.intelligence.tuc.gr/~batsakis/Interval-based#13 http://www.intelligence.tuc.gr/~batsakis/Interval-based#ov http://www.intelligence.tuc.gr/~batsakis/Interval-based#21	1
http://www.intelligence.tuc.gr/~batsakis/Interval-based#13 http://www.intelligence.tuc.gr/~batsakis/Interval-based#di http://www.intelligence.tuc.gr/~batsakis/Interval-based#22	1
http://www.intelligence.tuc.gr/~batsakis/Interval-based#13 http://www.intelligence.tuc.gr/~batsakis/Interval-based#oi http://www.intelligence.tuc.gr/~batsakis/Interval-based#23	1
http://www.intelligence.tuc.gr/~batsakis/Interval-based#13 http://www.intelligence.tuc.gr/~batsakis/Interval-based#d http://www.intelligence.tuc.gr/~batsakis/Interval-based#24	1
http://www.intelligence.tuc.gr/~batsakis/Interval-based#13 http://www.intelligence.tuc.gr/~batsakis/Interval-based#oi http://www.intelligence.tuc.gr/~batsakis/Interval-based#25	1
http://www.intelligence.tuc.gr/~batsakis/Interval-based#13 http://www.intelligence.tuc.gr/~batsakis/Interval-based#oi http://www.intelligence.tuc.gr/~batsakis/Interval-based#26	1
http://www.intelligence.tuc.gr/~batsakis/Interval-based#13 http://www.intelligence.tuc.gr/~batsakis/Interval-based#oi http://www.intelligence.tuc.gr/~batsakis/Interval-based#27	1
http://www.intelligence.tuc.gr/~batsakis/Interval-based#13 http://www.intelligence.tuc.gr/~batsakis/Interval-based#oi http://www.intelligence.tuc.gr/~batsakis/Interval-based#28	1
http://www.intelligence.tuc.gr/~batsakis/Interval-based#13 http://www.intelligence.tuc.gr/~batsakis/Interval-based#a http://www.intelligence.tuc.gr/~batsakis/Interval-based#29	1
http://www.intelligence.tuc.gr/~batsakis/Interval-based#14 http://www.intelligence.tuc.gr/~batsakis/Interval-based#b http://www.intelligence.tuc.gr/~batsakis/Interval-based#0	1
http://www.intelligence.tuc.gr/~batsakis/Interval-based#14 http://www.intelligence.tuc.gr/~batsakis/Interval-based#b http://www.intelligence.tuc.gr/~batsakis/Interval-based#1	1
http://www.intelligence.tuc.gr/~batsakis/Interval-based#14 http://www.intelligence.tuc.gr/~batsakis/Interval-based#b http://www.intelligence.tuc.gr/~batsakis/Interval-based#2	1
http://www.intelligence.tuc.gr/~batsakis/Interval-based#14 http://www.intelligence.tuc.gr/~batsakis/Interval-based#ov http://www.intelligence.tuc.gr/~batsakis/Interval-based#3	1
http://www.intelligence.tuc.gr/~batsakis/Interval-based#14 http://www.intelligence.tuc.gr/~batsakis/Interval-based#ov http://www.intelligence.tuc.gr/~batsakis/Interval-based#4	1
http://www.intelligence.tuc.gr/~batsakis/Interval-based#14 http://www.intelligence.tuc.gr/~batsakis/Interval-based#b http://www.intelligence.tuc.gr/~batsakis/Interval-based#5	1
http://www.intelligence.tuc.gr/~batsakis/Interval-based#14 http://www.intelligence.tuc.gr/~batsakis/Interval-based#b http://www.intelligence.tuc.gr/~batsakis/Interval-based#6	1
http://www.intelligence.tuc.gr/~batsakis/Interval-based#14 http://www.intelligence.tuc.gr/~batsakis/Interval-based#b http://www.intelligence.tuc.gr/~batsakis/Interval-based#7	1
http://www.intelligence.tuc.gr/~batsakis/Interval-based#14 http://www.intelligence.tuc.gr/~batsakis/Interval-based#b http://www.intelligence.tuc.gr/~batsakis/Interval-based#8	1
http://www.intelligence.tuc.gr/~batsakis/Interval-based#14 http://www.intelligence.tuc.gr/~batsakis/Interval-based#b http://www.intelligence.tuc.gr/~batsakis/Interval-based#9	1
http://www.intelligence.tuc.gr/~batsakis/Interval-based#14 http://www.intelligence.tuc.gr/~batsakis/Interval-based#ov http://www.intelligence.tuc.gr/~batsakis/Interval-based#10	1
http://www.intelligence.tuc.gr/~batsakis/Interval-based#14 http://www.intelligence.tuc.gr/~batsakis/Interval-based#ov http://www.intelligence.tuc.gr/~batsakis/Interval-based#11	1
http://www.intelligence.tuc.gr/~batsakis/Interval-based#14 http://www.intelligence.tuc.gr/~batsakis/Interval-based#b http://www.intelligence.tuc.gr/~batsakis/Interval-based#12	1
http://www.intelligence.tuc.gr/~batsakis/Interval-based#14 http://www.intelligence.tuc.gr/~batsakis/Interval-based#b http://www.intelligence.tuc.gr/~batsakis/Interval-based#13	1
http://www.intelligence.tuc.gr/~batsakis/Interval-based#14 http://www.intelligence.tuc.gr/~batsakis/Interval-based#b http://www.intelligence.tuc.gr/~batsakis/Interval-based#15	1
http://www.intelligence.tuc.gr/~batsakis/Interval-based#14 http://www.intelligence.tuc.gr/~batsakis/Interval-based#ov http://www.intelligence.tuc.gr/~batsakis/Interval-based#16	1
http://www.intelligence.tuc.gr/~batsakis/Interval-based#14 http://www.intelligence.tuc.gr/~batsakis/Interval-based#b http://www.intelligence.tuc.gr/~batsakis/Interval-based#17	1
http://www.intelligence.tuc.gr/~batsakis/Interval-based#14 http://www.intelligence.tuc.gr/~batsakis/Interval-based#b http://www.intelligence.tuc.gr/~batsakis/Interval-based#18	1
http://www.intelligence.tuc.gr/~batsakis/Interval-based#14 http://www.intelligence.tuc.gr/~batsakis/Interval-based#ov http://www.intelligence.tuc.gr/~batsakis/Interval-based#19	1
http://www.intelligence.tuc.gr/~batsakis/Interval-based#14 http://www.intelligence.tuc.gr/~batsakis/Interval-based#b http://www.intelligence.tuc.gr/~batsakis/Interval-based#20	1
http://www.intelligence.tuc.gr/~batsakis/Interval-based#14 http://www.intelligence.tuc.gr/~batsakis/Interval-based#b http://www.intelligence.tuc.gr/~batsakis/Interval-based#21	1
http://www.intelligence.tuc.gr/~batsakis/Interval-based#14 http://www.intelligence.tuc.gr/~batsakis/Interval-based#b http://www.intelligence.tuc.gr/~batsakis/Interval-based#22	1
http://www.intelligence.tuc.gr/~batsakis/Interval-based#14 http://www.intelligence.tuc.gr/~batsakis/Interval-based#m http://www.intelligence.tuc.gr/~batsakis/Interval-based#23	1
http://www.intelligence.tuc.gr/~batsakis/Interval-based#14 http://www.intelligence.tuc.gr/~batsakis/Interval-based#ov http://www.intelligence.tuc.gr/~batsakis/Interval-based#24	1
http://www.intelligence.tuc.gr/~batsakis/Interval-based#14 http://www.intelligence.tuc.gr/~batsakis/Interval-based#b http://www.intelligence.tuc.gr/~batsakis/Interval-based#25	1
http://www.intelligence.tuc.gr/~batsakis/Interval-based#14 http://www.intelligence.tuc.gr/~batsakis/Interval-based#ov http://www.intelligence.tuc.gr/~batsakis/Interval-based#26	1
http://www.intelligence.tuc.gr/~batsakis/Interval-based#14 http://www.intelligence.tuc.gr/~batsakis/Interval-based#ov http://www.intelligence.tuc.gr/~batsakis/Interval-based#27	1
http://www.intelligence.tuc.gr/~batsakis/Interval-based#14 http://www.intelligence.tuc.gr/~batsakis/Interval-based#b http://www.intelligence.tuc.gr/~batsakis/Interval-based#28	1
http://www.intelligence.tuc.gr/~batsakis/Interval-based#14 http://www.intelligence.tuc.gr/~batsakis/Interval-based#di http://www.intelligence.tuc.gr/~batsakis/Interval-based#29	1
http://www.intelligence.tuc.gr/~batsakis/Interval-based#15 http://www.intelligence.tuc.gr/~batsakis/Interval-based#oi http://www.intelligence.tuc.gr/~batsakis/Interval-based#0	1
http://www.intelligence.tuc.gr/~batsakis/Interval-based#15 http://www.intelligence.tuc.gr/~batsakis/Interval-based#di http://www.intelligence.tuc.gr/~batsakis/Interval-based#1	1
http://www.intelligence.tuc.gr/~batsakis/Interval-based#15 http://www.intelligence.tuc.gr/~batsakis/Interval-based#oi http://www.intelligence.tuc.gr/~batsakis/Interval-based#2	1
http://www.intelligence.tuc.gr/~batsakis/Interval-based#15 http://www.intelligence.tuc.gr/~batsakis/Interval-based#oi http://www.intelligence.tuc.gr/~batsakis/Interval-based#3	1
http://www.intelligence.tuc.gr/~batsakis/Interval-based#15 http://www.intelligence.tuc.gr/~batsakis/Interval-based#a http://www.intelligence.tuc.gr/~batsakis/Interval-based#4	1
http://www.intelligence.tuc.gr/~batsakis/Interval-based#15 http://www.intelligence.tuc.gr/~batsakis/Interval-based#oi http://www.intelligence.tuc.gr/~batsakis/Interval-based#5	1
http://www.intelligence.tuc.gr/~batsakis/Interval-based#15 http://www.intelligence.tuc.gr/~batsakis/Interval-based#fi http://www.intelligence.tuc.gr/~batsakis/Interval-based#6	1
http://www.intelligence.tuc.gr/~batsakis/Interval-based#15 http://www.intelligence.tuc.gr/~batsakis/Interval-based#oi http://www.intelligence.tuc.gr/~batsakis/Interval-based#7	1
http://www.intelligence.tuc.gr/~batsakis/Interval-based#15 http://www.intelligence.tuc.gr/~batsakis/Interval-based#di http://www.intelligence.tuc.gr/~batsakis/Interval-based#8	1
http://www.intelligence.tuc.gr/~batsakis/Interval-based#15 http://www.intelligence.tuc.gr/~batsakis/Interval-based#d http://www.intelligence.tuc.gr/~batsakis/Interval-based#9	1
http://www.intelligence.tuc.gr/~batsakis/Interval-based#15 http://www.intelligence.tuc.gr/~batsakis/Interval-based#oi http://www.intelligence.tuc.gr/~batsakis/Interval-based#10	1
http://www.intelligence.tuc.gr/~batsakis/Interval-based#15 http://www.intelligence.tuc.gr/~batsakis/Interval-based#a http://www.intelligence.tuc.gr/~batsakis/Interval-based#11	1
http://www.intelligence.tuc.gr/~batsakis/Interval-based#15 http://www.intelligence.tuc.gr/~batsakis/Interval-based#di http://www.intelligence.tuc.gr/~batsakis/Interval-based#12	1
http://www.intelligence.tuc.gr/~batsakis/Interval-based#15 http://www.intelligence.tuc.gr/~batsakis/Interval-based#oi http://www.intelligence.tuc.gr/~batsakis/Interval-based#13	1
http://www.intelligence.tuc.gr/~batsakis/Interval-based#15 http://www.intelligence.tuc.gr/~batsakis/Interval-based#a http://www.intelligence.tuc.gr/~batsakis/Interval-based#14	1
http://www.intelligence.tuc.gr/~batsakis/Interval-based#15 http://www.intelligence.tuc.gr/~batsakis/Interval-based#oi http://www.intelligence.tuc.gr/~batsakis/Interval-based#16	1
http://www.intelligence.tuc.gr/~batsakis/Interval-based#15 http://www.intelligence.tuc.gr/~batsakis/Interval-based#si http://www.intelligence.tuc.gr/~batsakis/Interval-based#17	1
http://www.intelligence.tuc.gr/~batsakis/Interval-based#15 http://www.intelligence.tuc.gr/~batsakis/Interval-based#ov http://www.intelligence.tuc.gr/~batsakis/Interval-based#18	1
http://www.intelligence.tuc.gr/~batsakis/Interval-based#15 http://www.intelligence.tuc.gr/~batsakis/Interval-based#a http://www.intelligence.tuc.gr/~batsakis/Interval-based#19	1
http://www.intelligence.tuc.gr/~batsakis/Interval-based#15 http://www.intelligence.tuc.gr/~batsakis/Interval-based#fi http://www.intelligence.tuc.gr/~batsakis/Interval-based#20	1
http://www.intelligence.tuc.gr/~batsakis/Interval-based#15 http://www.intelligence.tuc.gr/~batsakis/Interval-based#ov http://www.intelligence.tuc.gr/~batsakis/Interval-based#21	1
http://www.intelligence.tuc.gr/~batsakis/Interval-based#15 http://www.intelligence.tuc.gr/~batsakis/Interval-based#di http://www.intelligence.tuc.gr/~batsakis/Interval-based#22	1
http://www.intelligence.tuc.gr/~batsakis/Interval-based#15 http://www.intelligence.tuc.gr/~batsakis/Interval-based#oi http://www.intelligence.tuc.gr/~batsakis/Interval-based#23	1
http://www.intelligence.tuc.gr/~batsakis/Interval-based#15 http://www.intelligence.tuc.gr/~batsakis/Interval-based#f http://www.intelligence.tuc.gr/~batsakis/Interval-based#24	1
http://www.intelligence.tuc.gr/~batsakis/Interval-based#15 http://www.intelligence.tuc.gr/~batsakis/Interval-based#oi http://www.intelligence.tuc.gr/~batsakis/Interval-based#25	1
http://www.intelligence.tuc.gr/~batsakis/Interval-based#15 http://www.intelligence.tuc.gr/~batsakis/Interval-based#oi http://www.intelligence.tuc.gr/~batsakis/Interval-based#26	1
http://www.intelligence.tuc.gr/~batsakis/Interval-based#15 http://www.intelligence.tuc.gr/~batsakis/Interval-based#oi http://www.intelligence.tuc.gr/~batsakis/Interval-based#27	1
http://www.intelligence.tuc.gr/~batsakis/Interval-based#15 http://www.intelligence.tuc.gr/~batsakis/Interval-based#oi http://www.intelligence.tuc.gr/~batsakis/Interval-based#28	1
http://www.intelligence.tuc.gr/~batsakis/Interval-based#15 http://www.intelligence.tuc.gr/~batsakis/Interval-based#a http://www.intelligence.tuc.gr/~batsakis/Interval-based#29	1
http://www.intelligence.tuc.gr/~batsakis/Interval-based#16 http://www.intelligence.tuc.gr/~batsakis/Interval-based#ov http://www.intelligence.tuc.gr/~batsakis/Interval-based#0	1
http://www.intelligence.tuc.gr/~batsakis/Interval-based#16 http://www.intelligence.tuc.gr/~batsakis/Interval-based#b http://www.intelligence.tuc.gr/~batsakis/Interval-based#1	1
http://www.intelligence.tuc.gr/~batsakis/Interval-based#16 http://www.intelligence.tuc.gr/~batsakis/Interval-based#ov http://www.intelligence.tuc.gr/~batsakis/Interval-based#2	1
http://www.intelligence.tuc.gr/~batsakis/Interval-based#16 http://www.intelligence.tuc.gr/~batsakis/Interval-based#d http://www.intelligence.tuc.gr/~batsakis/Interval-based#3	1
http://www.intelligence.tuc.gr/~batsakis/Interval-based#16 http://www.intelligence.tuc.gr/~batsakis/Interval-based#oi http://www.intelligence.tuc.gr/~batsakis/Interval-based#4	1
http://www.intelligence.tuc.gr/~batsakis/Interval-based#16 http://www.intelligence.tuc.gr/~batsakis/Interval-based#ov http://www.intelligence.tuc.gr/~batsakis/Interval-based#5	1
http://www.intelligence.tuc.gr/~batsakis/Interval-based#16 http://www.intelligence.tuc.gr/~batsakis/Interval-based#ov http://www.intelligence.tuc.gr/~batsakis/Interval-based#6	1
http://www.intelligence.tuc.gr/~batsakis/Interval-based#16 http://www.intelligence.tuc.gr/~batsakis/Interval-based#ov http://www.intelligence.tuc.gr/~batsakis/Interval-based#7	1
http://www.intelligence.tuc.gr/~batsakis/Interval-based#16 http://www.intelligence.tuc.gr/~batsakis/Interval-based#b http://www.intelligence.tuc.gr/~batsakis/Interval-based#8	1
http://www.intelligence.tuc.gr/~batsakis/Interval-based#16 http://www.intelligence.tuc.gr/~batsakis/Interval-based#ov http://www.intelligence.tuc.gr/~batsakis/Interval-based#9	1
http://www.intelligence.tuc.gr/~batsakis/Interval-based#16 http://www.intelligence.tuc.gr/~batsakis/Interval-based#ov http://www.intelligence.tuc.gr/~batsakis/Interval-based#10	1
http://www.intelligence.tuc.gr/~batsakis/Interval-based#16 http://www.intelligence.tuc.gr/~batsakis/Interval-based#oi http://www.intelligence.tuc.gr/~batsakis/Interval-based#11	1
http://www.intelligence.tuc.gr/~batsakis/Interval-based#16 http://www.intelligence.tuc.gr/~batsakis/Interval-based#ov http://www.intelligence.tuc.gr/~batsakis/Interval-based#12	1
http://www.intelligence.tuc.gr/~batsakis/Interval-based#16 http://www.intelligence.tuc.gr/~batsakis/Interval-based#ov http://www.intelligence.tuc.gr/~batsakis/Interval-based#13	1
http://www.intelligence.tuc.gr/~batsakis/Interval-based#16 http://www.intelligence.tuc.gr/~batsakis/Interval-based#oi http://www.intelligence.tuc.gr/~batsakis/Interval-based#14	1
http://www.intelligence.tuc.gr/~batsakis/Interval-based#16 http://www.intelligence.tuc.gr/~batsakis/Interval-based#ov http://www.intelligence.tuc.gr/~batsakis/Interval-based#15	1
http://www.intelligence.tuc.gr/~batsakis/Interval-based#16 http://www.intelligence.tuc.gr/~batsakis/Interval-based#ov http://www.intelligence.tuc.gr/~batsakis/Interval-based#17	1
http://www.intelligence.tuc.gr/~batsakis/Interval-based#16 http://www.intelligence.tuc.gr/~batsakis/Interval-based#b http://www.intelligence.tuc.gr/~batsakis/Interval-based#18	1
http://www.intelligence.tuc.gr/~batsakis/Interval-based#16 http://www.intelligence.tuc.gr/~batsakis/Interval-based#oi http://www.intelligence.tuc.gr/~batsakis/Interval-based#19	1
http://www.intelligence.tuc.gr/~batsakis/Interval-based#16 http://www.intelligence.tuc.gr/~batsakis/Interval-based#b http://www.intelligence.tuc.gr/~batsakis/Interval-based#20	1
http://www.intelligence.tuc.gr/~batsakis/Interval-based#16 http://www.intelligence.tuc.gr/~batsakis/Interval-based#b http://www.intelligence.tuc.gr/~batsakis/Interval-based#21	1
http://www.intelligence.tuc.gr/~batsakis/Interval-based#16 http://www.intelligence.tuc.gr/~batsakis/Interval-based#b http://www.intelligence.tuc.gr/~batsakis/Interval-based#22	1
http://www.intelligence.tuc.gr/~batsakis/Interval-based#16 http://www.intelligence.tuc.gr/~batsakis/Interval-based#ov http://www.intelligence.tuc.gr/~batsakis/Interval-based#23	1
http://www.intelligence.tuc.gr/~batsakis/Interval-based#16 http://www.intelligence.tuc.gr/~batsakis/Interval-based#d http://www.intelligence.tuc.gr/~batsakis/Interval-based#24	1
http://www.intelligence.tuc.gr/~batsakis/Interval-based#16 http://www.intelligence.tuc.gr/~batsakis/Interval-based#ov http://www.intelligence.tuc.gr/~batsakis/Interval-based#25	1
http://www.intelligence.tuc.gr/~batsakis/Interval-based#16 http://www.intelligence.tuc.gr/~batsakis/Interval-based#d http://www.intelligence.tuc.gr/~batsakis/Interval-based#26	1
http://www.intelligence.tuc.gr/~batsakis/Interval-based#16 http://www.intelligence.tuc.gr/~batsakis/Interval-based#d http://www.intelligence.tuc.gr/~batsakis/Interval-based#27	1
http://www.intelligence.tuc.gr/~batsakis/Interval-based#16 http://www.intelligence.tuc.gr/~batsakis/Interval-based#fi http://www.intelligence.tuc.gr/~batsakis/Interval-based#28	1
http://www.intelligence.tuc.gr/~batsakis/Interval-based#16 http://www.intelligence.tuc.gr/~batsakis/Interval-based#a http://www.intelligence.tuc.gr/~batsakis/Interval-based#29	1
http://www.intelligence.tuc.gr/~batsakis/Interval-based#17 http://www.intelligence.tuc.gr/~batsakis/Interval-based#d http://www.intelligence.tuc.gr/~batsakis/Interval-based#0	1
http://www.intelligence.tuc.gr/~batsakis/Interval-based#17 http://www.intelligence.tuc.gr/~batsakis/Interval-based#b http://www.intelligence.tuc.gr/~batsakis/Interval-based#1	1
http://www.intelligence.tuc.gr/~batsakis/Interval-based#17 http://www.intelligence.tuc.gr/~batsakis/Interval-based#f http://www.intelligence.tuc.gr/~batsakis/Interval-based#2	1
http://www.intelligence.tuc.gr/~batsakis/Interval-based#17 http://www.intelligence.tuc.gr/~batsakis/Interval-based#oi http://www.intelligence.tuc.gr/~batsakis/Interval-based#3	1
http://www.intelligence.tuc.gr/~batsakis/Interval-based#17 http://www.intelligence.tuc.gr/~batsakis/Interval-based#a http://www.intelligence.tuc.gr/~batsakis/Interval-based#4	1
http://www.intelligence.tuc.gr/~batsakis/Interval-based#17 http://www.intelligence.tuc.gr/~batsakis/Interval-based#f http://www.intelligence.tuc.gr/~batsakis/Interval-based#5	1
http://www.intelligence.tuc.gr/~batsakis/Interval-based#17 http://www.intelligence.tuc.gr/~batsakis/Interval-based#ov http://www.intelligence.tuc.gr/~batsakis/Interval-based#6	1
http://www.intelligence.tuc.gr/~batsakis/Interval-based#17 http://www.intelligence.tuc.gr/~batsakis/Interval-based#oi http://www.intelligence.tuc.gr/~batsakis/Interval-based#7	1
http://www.intelligence.tuc.gr/~batsakis/Interval-based#17 http://www.intelligence.tuc.gr/~batsakis/Interval-based#ov http://www.intelligence.tuc.gr/~batsakis/Interval-based#8	1
http://www.intelligence.tuc.gr/~batsakis/Interval-based#17 http://www.intelligence.tuc.gr/~batsakis/Interval-based#d http://www.intelligence.tuc.gr/~batsakis/Interval-based#9	1
http://www.intelligence.tuc.gr/~batsakis/Interval-based#17 http://www.intelligence.tuc.gr/~batsakis/Interval-based#d http://www.intelligence.tuc.gr/~batsakis/Interval-based#10	1
http://www.intelligence.tuc.gr/~batsakis/Interval-based#17 http://www.intelligence.tuc.gr/~batsakis/Interval-based#a http://www.intelligence.tuc.gr/~batsakis/Interval-based#11	1
http://www.intelligence.tuc.gr/~batsakis/Interval-based#17 http://www.intelligence.tuc.gr/~batsakis/Interval-based#ov http://www.intelligence.tuc.gr/~batsakis/Interval-based#12	1
http://www.intelligence.tuc.gr/~batsakis/Interval-based#17 http://www.intelligence.tuc.gr/~batsakis/Interval-based#d http://www.intelligence.tuc.gr/~batsakis/Interval-based#13	1
http://www.intelligence.tuc.gr/~batsakis/Interval-based#17 http://www.intelligence.tuc.gr/~batsakis/Interval-based#a http://www.intelligence.tuc.gr/~batsakis/Interval-based#14	1
http://www.intelligence.tuc.gr/~batsakis/Interval-based#17 http://www.intelligence.tuc.gr/~batsakis/Interval-based#s http://www.intelligence.tuc.gr/~batsakis/Interval-based#15	1
http://www.intelligence.tuc.gr/~batsakis/Interval-based#17 http://www.intelligence.tuc.gr/~batsakis/Interval-based#oi http://www.intelligence.tuc.gr/~batsakis/Interval-based#16	1
http://www.intelligence.tuc.gr/~batsakis/Interval-based#17 http://www.intelligence.tuc.gr/~batsakis/Interval-based#b http://www.intelligence.tuc.gr/~batsakis/Interval-based#18	1
http://www.intelligence.tuc.gr/~batsakis/Interval-based#17 http://www.intelligence.tuc.gr/~batsakis/Interval-based#a http://www.intelligence.tuc.gr/~batsakis/Interval-based#19	1
http://www.intelligence.tuc.gr/~batsakis/Interval-based#17 http://www.intelligence.tuc.gr/~batsakis/Interval-based#ov http://www.intelligence.tuc.gr/~batsakis/Interval-based#20	1
http://www.intelligence.tuc.gr/~batsakis/Interval-based#17 http://www.intelligence.tuc.gr/~batsakis/Interval-based#b http://www.intelligence.tuc.gr/~batsakis/Interval-based#21	1
http://www.intelligence.tuc.gr/~batsakis/Interval-based#17 http://www.intelligence.tuc.gr/~batsakis/Interval-based#m http://www.intelligence.tuc.gr/~batsakis/Interval-based#22	1
http://www.intelligence.tuc.gr/~batsakis/Interval-based#17 http://www.intelligence.tuc.gr/~batsakis/Interval-based#d http://www.intelligence.tuc.gr/~batsakis/Interval-based#23	1
http://www.intelligence.tuc.gr/~batsakis/Interval-based#17 http://www.intelligence.tuc.gr/~batsakis/Interval-based#d http://www.intelligence.tuc.gr/~batsakis/Interval-based#24	1
http://www.intelligence.tuc.gr/~batsakis/Interval-based#17 http://www.intelligence.tuc.gr/~batsakis/Interval-based#oi http://www.intelligence.tuc.gr/~batsakis/Interval-based#25	1
http://www.intelligence.tuc.gr/~batsakis/Interval-based#17 http://www.intelligence.tuc.gr/~batsakis/Interval-based#oi http://www.intelligence.tuc.gr/~batsakis/Interval-based#26	1
http://www.intelligence.tuc.gr/~batsakis/Interval-based#17 http://www.intelligence.tuc.gr/~batsakis/Interval-based#oi http://www.intelligence.tuc.gr/~batsakis/Interval-based#27	1
http://www.intelligence.tuc.gr/~batsakis/Interval-based#17 http://www.intelligence.tuc.gr/~batsakis/Interval-based#oi http://www.intelligence.tuc.gr/~batsakis/Interval-based#28	1
http://www.intelligence.tuc.gr/~batsakis/Interval-based#17 http://www.intelligence.tuc.gr/~batsakis/Interval-based#a http://www.intelligence.tuc.gr/~batsakis/Interval-based#29	1
http://www.intelligence.tuc.gr/~batsakis/Interval-based#18 http://www.intelligence.tuc.gr/~batsakis/Interval-based#oi http://www.intelligence.tuc.gr/~batsakis/Interval-based#0	1
http://www.intelligence.tuc.gr/~batsakis/Interval-based#18 http://www.intelligence.tuc.gr/~batsakis/Interval-based#a http://www.intelligence.tuc.gr/~batsakis/Interval-based#1	1
http://www.intelligence.tuc.gr/~batsakis/Interval-based#18 http://www.intelligence.tuc.gr/~batsakis/Interval-based#a http://www.intelligence.tuc.gr/~batsakis/Interval-based#2	1
http://www.intelligence.tuc.gr/~batsakis/Interval-based#18 http://www.intelligence.tuc.gr/~batsakis/Interval-based#a http://www.intelligence.tuc.gr/~batsakis/Interval-based#3	1
http://www.intelligence.tuc.gr/~batsakis/Interval-based#18 http://www.intelligence.tuc.gr/~batsakis/Interval-based#a http://www.intelligence.tuc.gr/~batsakis/Interval-based#4	1
http://www.intelligence.tuc.gr/~batsakis/Interval-based#18 http://www.intelligence.tuc.gr/~batsakis/Interval-based#a http://www.intelligence.tuc.gr/~batsakis/Interval-based#5	1
http://www.intelligence.tuc.gr/~batsakis/Interval-based#18 http://www.intelligence.tuc.gr/~batsakis/Interval-based#oi http://www.intelligence.tuc.gr/~batsakis/Interval-based#6	1
http://www.intelligence.tuc.gr/~batsakis/Interval-based#18 http://www.intelligence.tuc.gr/~batsakis/Interval-based#a http://www.intelligence.tuc.gr/~batsakis/Interval-based#7	1
http://www.intelligence.tuc.gr/~batsakis/Interval-based#18 http://www.intelligence.tuc.gr/~batsakis/Interval-based#oi http://www.intelligence.tuc.gr/~batsakis/Interval-based#8	1
http://www.intelligence.tuc.gr/~batsakis/Interval-based#18 http://www.intelligence.tuc.gr/~batsakis/Interval-based#d http://www.intelligence.tuc.gr/~batsakis/Interval-based#9	1
http://www.intelligence.tuc.gr/~batsakis/Interval-based#18 http://www.intelligence.tuc.gr/~batsakis/Interval-based#oi http://www.intelligence.tuc.gr/~batsakis/Interval-based#10	1
http://www.intelligence.tuc.gr/~batsakis/Interval-based#18 http://www.intelligence.tuc.gr/~batsakis/Interval-based#a http://www.intelligence.tuc.gr/~batsakis/Interval-based#11	1
http://www.intelligence.tuc.gr/~batsakis/Interval-based#18 http://www.intelligence.tuc.gr/~batsakis/Interval-based#oi http://www.intelligence.tuc.gr/~batsakis/Interval-based#12	1
http://www.intelligence.tuc.gr/~batsakis/Interval-based#18 http://www.intelligence.tuc.gr/~batsakis/Interval-based#oi http://www.intelligence.tuc.gr/~batsakis/Interval-based#13	1
http://www.intelligence.tuc.gr/~batsakis/Interval-based#18 http://www.intelligence.tuc.gr/~batsakis/Interval-based#a http://www.intelligence.tuc.gr/~batsakis/Interval-based#14	1
http://www.intelligence.tuc.gr/~batsakis/Interval-based#18 http://www.intelligence.tuc.gr/~batsakis/Interval-based#oi http://www.intelligence.tuc.gr/~batsakis/Interval-based#15	1
http://www.intelligence.tuc.gr/~batsakis/Interval-based#18 http://www.intelligence.tuc.gr/~batsakis/Interval-based#a http://www.intelligence.tuc.gr/~batsakis/Interval-based#16	1
http://www.intelligence.tuc.gr/~batsakis/Interval-based#18 http://www.intelligence.tuc.gr/~batsakis/Interval-based#a http://www.intelligence.tuc.gr/~batsakis/Interval-based#17	1
http://www.intelligence.tuc.gr/~batsakis/Interval-based#18 http://www.intelligence.tuc.gr/~batsakis/Interval-based#a http://www.intelligence.tuc.gr/~batsakis/Interval-based#19	1
http://www.intelligence.tuc.gr/~batsakis/Interval-based#18 http://www.intelligence.tuc.gr/~batsakis/Interval-based#oi http://www.intelligence.tuc.gr/~batsakis/Interval-based#20	1
http://www.intelligence.tuc.gr/~batsakis/Interval-based#18 http://www.intelligence.tuc.gr/~batsakis/Interval-based#s http://www.intelligence.tuc.gr/~batsakis/Interval-based#21	1
http://www.intelligence.tuc.gr/~batsakis/Interval-based#18 http://www.intelligence.tuc.gr/~batsakis/Interval-based#a http://www.intelligence.tuc.gr/~batsakis/Interval-based#22	1
http://www.intelligence.tuc.gr/~batsakis/Interval-based#18 http://www.intelligence.tuc.gr/~batsakis/Interval-based#oi http://www.intelligence.tuc.gr/~batsakis/Interval-based#23	1
http://www.intelligence.tuc.gr/~batsakis/Interval-based#18 http://www.intelligence.tuc.gr/~batsakis/Interval-based#oi http://www.intelligence.tuc.gr/~batsakis/Interval-based#24	1
http://www.intelligence.tuc.gr/~batsakis/Interval-based#18 http://www.intelligence.tuc.gr/~batsakis/Interval-based#a http://www.intelligence.tuc.gr/~batsakis/Interval-based#25	1
http://www.intelligence.tuc.gr/~batsakis/Interval-based#18 http://www.intelligence.tuc.gr/~batsakis/Interval-based#a http://www.intelligence.tuc.gr/~batsakis/Interval-based#26	1
http://www.intelligence.tuc.gr/~batsakis/Interval-based#18 http://www.intelligence.tuc.gr/~batsakis/Interval-based#a http://www.intelligence.tuc.gr/~batsakis/Interval-based#27	1
http://www.intelligence.tuc.gr/~batsakis/Interval-based#18 http://www.intelligence.tuc.gr/~batsakis/Interval-based#a http://www.intelligence.tuc.gr/~batsakis/Interval-based#28	1
http://www.intelligence.tuc.gr/~batsakis/Interval-based#18 http://www.intelligence.tuc.gr/~batsakis/Interval-based#a http://www.intelligence.tuc.gr/~batsakis/Interval-based#29	1
http://www.intelligence.tuc.gr/~batsakis/Interval-based#19 http://www.intelligence.tuc.gr/~batsakis/Interval-based#b http://www.intelligence.tuc.gr/~batsakis/Interval-based#0	1
http://www.intelligence.tuc.gr/~batsakis/Interval-based#19 http://www.intelligence.tuc.gr/~batsakis/Interval-based#b http://www.intelligence.tuc.gr/~batsakis/Interval-based#1	1
http://www.intelligence.tuc.gr/~batsakis/Interval-based#19 http://www.intelligence.tuc.gr/~batsakis/Interval-based#b http://www.intelligence.tuc.gr/~batsakis/Interval-based#2	1
http://www.intelligence.tuc.gr/~batsakis/Interval-based#19 http://www.intelligence.tuc.gr/~batsakis/Interval-based#d http://www.intelligence.tuc.gr/~batsakis/Interval-based#3	1
http://www.intelligence.tuc.gr/~batsakis/Interval-based#19 http://www.intelligence.tuc.gr/~batsakis/Interval-based#ov http://www.intelligence.tuc.gr/~batsakis/Interval-based#4	1
http://www.intelligence.tuc.gr/~batsakis/Interval-based#19 http://www.intelligence.tuc.gr/~batsakis/Interval-based#b http://www.intelligence.tuc.gr/~batsakis/Interval-based#5	1
http://www.intelligence.tuc.gr/~batsakis/Interval-based#19 http://www.intelligence.tuc.gr/~batsakis/Interval-based#b http://www.intelligence.tuc.gr/~batsakis/Interval-based#6	1
http://www.intelligence.tuc.gr/~batsakis/Interval-based#19 http://www.intelligence.tuc.gr/~batsakis/Interval-based#b http://www.intelligence.tuc.gr/~batsakis/Interval-based#7	1
http://www.intelligence.tuc.gr/~batsakis/Interval-based#19 http://www.intelligence.tuc.gr/~batsakis/Interval-based#b http://www.intelligence.tuc.gr/~batsakis/Interval-based#8	1
http://www.intelligence.tuc.gr/~batsakis/Interval-based#19 http://www.intelligence.tuc.gr/~batsakis/Interval-based#b http://www.intelligence.tuc.gr/~batsakis/Interval-based#9	1
http://www.intelligence.tuc.gr/~batsakis/Interval-based#19 http://www.intelligence.tuc.gr/~batsakis/Interval-based#ov http://www.intelligence.tuc.gr/~batsakis/Interval-based#10	1
http://www.intelligence.tuc.gr/~batsakis/Interval-based#19 http://www.intelligence.tuc.gr/~batsakis/Interval-based#ov http://www.intelligence.tuc.gr/~batsakis/Interval-based#11	1
http://www.intelligence.tuc.gr/~batsakis/Interval-based#19 http://www.intelligence.tuc.gr/~batsakis/Interval-based#b http://www.intelligence.tuc.gr/~batsakis/Interval-based#12	1
http://www.intelligence.tuc.gr/~batsakis/Interval-based#19 http://www.intelligence.tuc.gr/~batsakis/Interval-based#b http://www.intelligence.tuc.gr/~batsakis/Interval-based#13	1
http://www.intelligence.tuc.gr/~batsakis/Interval-based#19 http://www.intelligence.tuc.gr/~batsakis/Interval-based#oi http://www.intelligence.tuc.gr/~batsakis/Interval-based#14	1
http://www.intelligence.tuc.gr/~batsakis/Interval-based#19 http://www.intelligence.tuc.gr/~batsakis/Interval-based#b http://www.intelligence.tuc.gr/~batsakis/Interval-based#15	1
http://www.intelligence.tuc.gr/~batsakis/Interval-based#19 http://www.intelligence.tuc.gr/~batsakis/Interval-based#ov http://www.intelligence.tuc.gr/~batsakis/Interval-based#16	1
http://www.intelligence.tuc.gr/~batsakis/Interval-based#19 http://www.intelligence.tuc.gr/~batsakis/Interval-based#b http://www.intelligence.tuc.gr/~batsakis/Interval-based#17	1
http://www.intelligence.tuc.gr/~batsakis/Interval-based#19 http://www.intelligence.tuc.gr/~batsakis/Interval-based#b http://www.intelligence.tuc.gr/~batsakis/Interval-based#18	1
http://www.intelligence.tuc.gr/~batsakis/Interval-based#19 http://www.intelligence.tuc.gr/~batsakis/Interval-based#b http://www.intelligence.tuc.gr/~batsakis/Interval-based#20	1
http://www.intelligence.tuc.gr/~batsakis/Interval-based#19 http://www.intelligence.tuc.gr/~batsakis/Interval-based#b http://www.intelligence.tuc.gr/~batsakis/Interval-based#21	1
http://www.intelligence.tuc.gr/~batsakis/Interval-based#19 http://www.intelligence.tuc.gr/~batsakis/Interval-based#b http://www.intelligence.tuc.gr/~batsakis/Interval-based#22	1
http://www.intelligence.tuc.gr/~batsakis/Interval-based#19 http://www.intelligence.tuc.gr/~batsakis/Interval-based#ov http://www.intelligence.tuc.gr/~batsakis/Interval-based#23	1
http://www.intelligence.tuc.gr/~batsakis/Interval-based#19 http://www.intelligence.tuc.gr/~batsakis/Interval-based#d http://www.intelligence.tuc.gr/~batsakis/Interval-based#24	1
http://www.intelligence.tuc.gr/~batsakis/Interval-based#19 http://www.intelligence.tuc.gr/~batsakis/Interval-based#b http://www.intelligence.tuc.gr/~batsakis/Interval-based#25	1
http://www.intelligence.tuc.gr/~batsakis/Interval-based#19 http://www.intelligence.tuc.gr/~batsakis/Interval-based#d http://www.intelligence.tuc.gr/~batsakis/Interval-based#26	1
http://www.intelligence.tuc.gr/~batsakis/Interval-based#19 http://www.intelligence.tuc.gr/~batsakis/Interval-based#d http://www.intelligence.tuc.gr/~batsakis/Interval-based#27	1
http://www.intelligence.tuc.gr/~batsakis/Interval-based#19 http://www.intelligence.tuc.gr/~batsakis/Interval-based#b http://www.intelligence.tuc.gr/~batsakis/Interval-based#28	1
http://www.intelligence.tuc.gr/~batsakis/Interval-based#19 http://www.intelligence.tuc.gr/~batsakis/Interval-based#a http://www.intelligence.tuc.gr/~batsakis/Interval-based#29	1
http://www.intelligence.tuc.gr/~batsakis/Interval-based#20 http://www.intelligence.tuc.gr/~batsakis/Interval-based#oi http://www.intelligence.tuc.gr/~batsakis/Interval-based#0	1
http://www.intelligence.tuc.gr/~batsakis/Interval-based#20 http://www.intelligence.tuc.gr/~batsakis/Interval-based#di http://www.intelligence.tuc.gr/~batsakis/Interval-based#1	1
http://www.intelligence.tuc.gr/~batsakis/Interval-based#20 http://www.intelligence.tuc.gr/~batsakis/Interval-based#oi http://www.intelligence.tuc.gr/~batsakis/Interval-based#2	1
http://www.intelligence.tuc.gr/~batsakis/Interval-based#20 http://www.intelligence.tuc.gr/~batsakis/Interval-based#oi http://www.intelligence.tuc.gr/~batsakis/Interval-based#3	1
http://www.intelligence.tuc.gr/~batsakis/Interval-based#20 http://www.intelligence.tuc.gr/~batsakis/Interval-based#a http://www.intelligence.tuc.gr/~batsakis/Interval-based#4	1
http://www.intelligence.tuc.gr/~batsakis/Interval-based#20 http://www.intelligence.tuc.gr/~batsakis/Interval-based#oi http://www.intelligence.tuc.gr/~batsakis/Interval-based#5	1
http://www.intelligence.tuc.gr/~batsakis/Interval-based#20 http://www.intelligence.tuc.gr/~batsakis/Interval-based#f http://www.intelligence.tuc.gr/~batsakis/Interval-based#6	1
http://www.intelligence.tuc.gr/~batsakis/Interval-based#20 http://www.intelligence.tuc.gr/~batsakis/Interval-based#oi http://www.intelligence.tuc.gr/~batsakis/Interval-based#7	1
http://www.intelligence.tuc.gr/~batsakis/Interval-based#20 http://www.intelligence.tuc.gr/~batsakis/Interval-based#di http://www.intelligence.tuc.gr/~batsakis/Interval-based#8	1
http://www.intelligence.tuc.gr/~batsakis/Interval-based#20 http://www.intelligence.tuc.gr/~batsakis/Interval-based#d http://www.intelligence.tuc.gr/~batsakis/Interval-based#9	1
http://www.intelligence.tuc.gr/~batsakis/Interval-based#20 http://www.intelligence.tuc.gr/~batsakis/Interval-based#oi http://www.intelligence.tuc.gr/~batsakis/Interval-based#10	1
http://www.intelligence.tuc.gr/~batsakis/Interval-based#20 http://www.intelligence.tuc.gr/~batsakis/Interval-based#a http://www.intelligence.tuc.gr/~batsakis/Interval-based#11	1
http://www.intelligence.tuc.gr/~batsakis/Interval-based#20 http://www.intelligence.tuc.gr/~batsakis/Interval-based#oi http://www.intelligence.tuc.gr/~batsakis/Interval-based#12	1
http://www.intelligence.tuc.gr/~batsakis/Interval-based#20 http://www.intelligence.tuc.gr/~batsakis/Interval-based#oi http://www.intelligence.tuc.gr/~batsakis/Interval-based#13	1
http://www.intelligence.tuc.gr/~batsakis/Interval-based#20 http://www.intelligence.tuc.gr/~batsakis/Interval-based#a http://www.intelligence.tuc.gr/~batsakis/Interval-based#14	1
http://www.intelligence.tuc.gr/~batsakis/Interval-based#20 http://www.intelligence.tuc.gr/~batsakis/Interval-based#f http://www.intelligence.tuc.gr/~batsakis/Interval-based#15	1
http://www.intelligence.tuc.gr/~batsakis/Interval-based#20 http://www.intelligence.tuc.gr/~batsakis/Interval-based#a http://www.intelligence.tuc.gr/~batsakis/Interval-based#16	1
http://www.intelligence.tuc.gr/~batsakis/Interval-based#20 http://www.intelligence.tuc.gr/~batsakis/Interval-based#oi http://www.intelligence.tuc.gr/~batsakis/Interval-based#17	1
http://www.intelligence.tuc.gr/~batsakis/Interval-based#20 http://www.intelligence.tuc.gr/~batsakis/Interval-based#ov http://www.intelligence.tuc.gr/~batsakis/Interval-based#18	1
http://www.intelligence.tuc.gr/~batsakis/Interval-based#20 http://www.intelligence.tuc.gr/~batsakis/Interval-based#a http://www.intelligence.tuc.gr/~batsakis/Interval-based#19	1
http://www.intelligence.tuc.gr/~batsakis/Interval-based#20 http://www.intelligence.tuc.gr/~batsakis/Interval-based#ov http://www.intelligence.tuc.gr/~batsakis/Interval-based#21	1
http://www.intelligence.tuc.gr/~batsakis/Interval-based#20 http://www.intelligence.tuc.gr/~batsakis/Interval-based#di http://www.intelligence.tuc.gr/~batsakis/Interval-based#22	1
http://www.intelligence.tuc.gr/~batsakis/Interval-based#20 http://www.intelligence.tuc.gr/~batsakis/Interval-based#oi http://www.intelligence.tuc.gr/~batsakis/Interval-based#23	1
http://www.intelligence.tuc.gr/~batsakis/Interval-based#20 http://www.intelligence.tuc.gr/~batsakis/Interval-based#f http://www.intelligence.tuc.gr/~batsakis/Interval-based#24	1
http://www.intelligence.tuc.gr/~batsakis/Interval-based#20 http://www.intelligence.tuc.gr/~batsakis/Interval-based#oi http://www.intelligence.tuc.gr/~batsakis/Interval-based#25	1
http://www.intelligence.tuc.gr/~batsakis/Interval-based#20 http://www.intelligence.tuc.gr/~batsakis/Interval-based#a http://www.intelligence.tuc.gr/~batsakis/Interval-based#26	1
http://www.intelligence.tuc.gr/~batsakis/Interval-based#20 http://www.intelligence.tuc.gr/~batsakis/Interval-based#oi http://www.intelligence.tuc.gr/~batsakis/Interval-based#27	1
http://www.intelligence.tuc.gr/~batsakis/Interval-based#20 http://www.intelligence.tuc.gr/~batsakis/Interval-based#a http://www.intelligence.tuc.gr/~batsakis/Interval-based#28	1
http://www.intelligence.tuc.gr/~batsakis/Interval-based#20 http://www.intelligence.tuc.gr/~batsakis/Interval-based#a http://www.intelligence.tuc.gr/~batsakis/Interval-based#29	1
http://www.intelligence.tuc.gr/~batsakis/Interval-based#21 http://www.intelligence.tuc.gr/~batsakis/Interval-based#oi http://www.intelligence.tuc.gr/~batsakis/Interval-based#0	1
http://www.intelligence.tuc.gr/~batsakis/Interval-based#21 http://www.intelligence.tuc.gr/~batsakis/Interval-based#a http://www.intelligence.tuc.gr/~batsakis/Interval-based#1	1
http://www.intelligence.tuc.gr/~batsakis/Interval-based#21 http://www.intelligence.tuc.gr/~batsakis/Interval-based#a http://www.intelligence.tuc.gr/~batsakis/Interval-based#2	1
http://www.intelligence.tuc.gr/~batsakis/Interval-based#21 http://www.intelligence.tuc.gr/~batsakis/Interval-based#a http://www.intelligence.tuc.gr/~batsakis/Interval-based#3	1
http://www.intelligence.tuc.gr/~batsakis/Interval-based#21 http://www.intelligence.tuc.gr/~batsakis/Interval-based#a http://www.intelligence.tuc.gr/~batsakis/Interval-based#4	1
http://www.intelligence.tuc.gr/~batsakis/Interval-based#21 http://www.intelligence.tuc.gr/~batsakis/Interval-based#a http://www.intelligence.tuc.gr/~batsakis/Interval-based#5	1
http://www.intelligence.tuc.gr/~batsakis/Interval-based#21 http://www.intelligence.tuc.gr/~batsakis/Interval-based#oi http://www.intelligence.tuc.gr/~batsakis/Interval-based#6	1
http://www.intelligence.tuc.gr/~batsakis/Interval-based#21 http://www.intelligence.tuc.gr/~batsakis/Interval-based#a http://www.intelligence.tuc.gr/~batsakis/Interval-based#7	1
http://www.intelligence.tuc.gr/~batsakis/Interval-based#21 http://www.intelligence.tuc.gr/~batsakis/Interval-based#oi http://www.intelligence.tuc.gr/~batsakis/Interval-based#8	1
http://www.intelligence.tuc.gr/~batsakis/Interval-based#21 http://www.intelligence.tuc.gr/~batsakis/Interval-based#oi http://www.intelligence.tuc.gr/~batsakis/Interval-based#9	1
http://www.intelligence.tuc.gr/~batsakis/Interval-based#21 http://www.intelligence.tuc.gr/~batsakis/Interval-based#oi http://www.intelligence.tuc.gr/~batsakis/Interval-based#10	1
http://www.intelligence.tuc.gr/~batsakis/Interval-based#21 http://www.intelligence.tuc.gr/~batsakis/Interval-based#a http://www.intelligence.tuc.gr/~batsakis/Interval-based#11	1
http://www.intelligence.tuc.gr/~batsakis/Interval-based#21 http://www.intelligence.tuc.gr/~batsakis/Interval-based#oi http://www.intelligence.tuc.gr/~batsakis/Interval-based#12	1
http://www.intelligence.tuc.gr/~batsakis/Interval-based#21 http://www.intelligence.tuc.gr/~batsakis/Interval-based#oi http://www.intelligence.tuc.gr/~batsakis/Interval-based#13	1
http://www.intelligence.tuc.gr/~batsakis/Interval-based#21 http://www.intelligence.tuc.gr/~batsakis/Interval-based#a http://www.intelligence.tuc.gr/~batsakis/Interval-based#14	1
http://www.intelligence.tuc.gr/~batsakis/Interval-based#21 http://www.intelligence.tuc.gr/~batsakis/Interval-based#oi http://www.intelligence.tuc.gr/~batsakis/Interval-based#15	1
http://www.intelligence.tuc.gr/~batsakis/Interval-based#21 http://www.intelligence.tuc.gr/~batsakis/Interval-based#a http://www.intelligence.tuc.gr/~batsakis/Interval-based#16	1
http://www.intelligence.tuc.gr/~batsakis/Interval-based#21 http://www.intelligence.tuc.gr/~batsakis/Interval-based#a http://www.intelligence.tuc.gr/~batsakis/Interval-based#17	1
http://www.intelligence.tuc.gr/~batsakis/Interval-based#21 http://www.intelligence.tuc.gr/~batsakis/Interval-based#si http://www.intelligence.tuc.gr/~batsakis/Interval-based#18	1
http://www.intelligence.tuc.gr/~batsakis/Interval-based#21 http://www.intelligence.tuc.gr/~batsakis/Interval-based#a http://www.intelligence.tuc.gr/~batsakis/Interval-based#19	1
http://www.intelligence.tuc.gr/~batsakis/Interval-based#21 http://www.intelligence.tuc.gr/~batsakis/Interval-based#oi http://www.intelligence.tuc.gr/~batsakis/Interval-based#20	1
http://www.intelligence.tuc.gr/~batsakis/Interval-based#21 http://www.intelligence.tuc.gr/~batsakis/Interval-based#a http://www.intelligence.tuc.gr/~batsakis/Interval-based#22	1
http://www.intelligence.tuc.gr/~batsakis/Interval-based#21 http://www.intelligence.tuc.gr/~batsakis/Interval-based#oi http://www.intelligence.tuc.gr/~batsakis/Interval-based#23	1
http://www.intelligence.tuc.gr/~batsakis/Interval-based#21 http://www.intelligence.tuc.gr/~batsakis/Interval-based#oi http://www.intelligence.tuc.gr/~batsakis/Interval-based#24	1
http://www.intelligence.tuc.gr/~batsakis/Interval-based#21 http://www.intelligence.tuc.gr/~batsakis/Interval-based#a http://www.intelligence.tuc.gr/~batsakis/Interval-based#25	1
http://www.intelligence.tuc.gr/~batsakis/Interval-based#21 http://www.intelligence.tuc.gr/~batsakis/Interval-based#a http://www.intelligence.tuc.gr/~batsakis/Interval-based#26	1
http://www.intelligence.tuc.gr/~batsakis/Interval-based#21 http://www.intelligence.tuc.gr/~batsakis/Interval-based#a http://www.intelligence.tuc.gr/~batsakis/Interval-based#27	1
http://www.intelligence.tuc.gr/~batsakis/Interval-based#21 http://www.intelligence.tuc.gr/~batsakis/Interval-based#a http://www.intelligence.tuc.gr/~batsakis/Interval-based#28	1
http://www.intelligence.tuc.gr/~batsakis/Interval-based#21 http://www.intelligence.tuc.gr/~batsakis/Interval-based#a http://www.intelligence.tuc.gr/~batsakis/Interval-based#29	1
http://www.intelligence.tuc.gr/~batsakis/Interval-based#22 http://www.intelligence.tuc.gr/~batsakis/Interval-based#d http://www.intelligence.tuc.gr/~batsakis/Interval-based#0	1
http://www.intelligence.tuc.gr/~batsakis/Interval-based#22 http://www.intelligence.tuc.gr/~batsakis/Interval-based#m http://www.intelligence.tuc.gr/~batsakis/Interval-based#1	1
http://www.intelligence.tuc.gr/~batsakis/Interval-based#22 http://www.intelligence.tuc.gr/~batsakis/Interval-based#mi http://www.intelligence.tuc.gr/~batsakis/Interval-based#2	1
http://www.intelligence.tuc.gr/~batsakis/Interval-based#22 http://www.intelligence.tuc.gr/~batsakis/Interval-based#a http://www.intelligence.tuc.gr/~batsakis/Interval-based#3	1
http://www.intelligence.tuc.gr/~batsakis/Interval-based#22 http://www.intelligence.tuc.gr/~batsakis/Interval-based#a http://www.intelligence.tuc.gr/~batsakis/Interval-based#4	1
http://www.intelligence.tuc.gr/~batsakis/Interval-based#22 http://www.intelligence.tuc.gr/~batsakis/Interval-based#mi http://www.intelligence.tuc.gr/~batsakis/Interval-based#5	1
http://www.intelligence.tuc.gr/~batsakis/Interval-based#22 http://www.intelligence.tuc.gr/~batsakis/Interval-based#d http://www.intelligence.tuc.gr/~batsakis/Interval-based#6	1
http://www.intelligence.tuc.gr/~batsakis/Interval-based#22 http://www.intelligence.tuc.gr/~batsakis/Interval-based#a http://www.intelligence.tuc.gr/~batsakis/Interval-based#7	1
http://www.intelligence.tuc.gr/~batsakis/Interval-based#22 http://www.intelligence.tuc.gr/~batsakis/Interval-based#d http://www.intelligence.tuc.gr/~batsakis/Interval-based#8	1
http://www.intelligence.tuc.gr/~batsakis/Interval-based#22 http://www.intelligence.tuc.gr/~batsakis/Interval-based#d http://www.intelligence.tuc.gr/~batsakis/Interval-based#9	1
http://www.intelligence.tuc.gr/~batsakis/Interval-based#22 http://www.intelligence.tuc.gr/~batsakis/Interval-based#d http://www.intelligence.tuc.gr/~batsakis/Interval-based#10	1
http://www.intelligence.tuc.gr/~batsakis/Interval-based#22 http://www.intelligence.tuc.gr/~batsakis/Interval-based#a http://www.intelligence.tuc.gr/~batsakis/Interval-based#11	1
http://www.intelligence.tuc.gr/~batsakis/Interval-based#22 http://www.intelligence.tuc.gr/~batsakis/Interval-based#d http://www.intelligence.tuc.gr/~batsakis/Interval-based#12	1
http://www.intelligence.tuc.gr/~batsakis/Interval-based#22 http://www.intelligence.tuc.gr/~batsakis/Interval-based#d http://www.intelligence.tuc.gr/~batsakis/Interval-based#13	1
http://www.intelligence.tuc.gr/~batsakis/Interval-based#22 http://www.intelligence.tuc.gr/~batsakis/Interval-based#a http://www.intelligence.tuc.gr/~batsakis/Interval-based#14	1
http://www.intelligence.tuc.gr/~batsakis/Interval-based#22 http://www.intelligence.tuc.gr/~batsakis/Interval-based#d http://www.intelligence.tuc.gr/~batsakis/Interval-based#15	1
http://www.intelligence.tuc.gr/~batsakis/Interval-based#22 http://www.intelligence.tuc.gr/~batsakis/Interval-based#a http://www.intelligence.tuc.gr/~batsakis/Interval-based#16	1
http://www.intelligence.tuc.gr/~batsakis/Interval-based#22 http://www.intelligence.tuc.gr/~batsakis/Interval-based#mi http://www.intelligence.tuc.gr/~batsakis/Interval-based#17	1
http://www.intelligence.tuc.gr/~batsakis/Interval-based#22 http://www.intelligence.tuc.gr/~batsakis/Interval-based#b http://www.intelligence.tuc.gr/~batsakis/Interval-based#18	1
http://www.intelligence.tuc.gr/~batsakis/Interval-based#22 http://www.intelligence.tuc.gr/~batsakis/Interval-based#a http://www.intelligence.tuc.gr/~batsakis/Interval-based#19	1
http://www.intelligence.tuc.gr/~batsakis/Interval-based#22 http://www.intelligence.tuc.gr/~batsakis/Interval-based#d http://www.intelligence.tuc.gr/~batsakis/Interval-based#20	1
http://www.intelligence.tuc.gr/~batsakis/Interval-based#22 http://www.intelligence.tuc.gr/~batsakis/Interval-based#b http://www.intelligence.tuc.gr/~batsakis/Interval-based#21	1
http://www.intelligence.tuc.gr/~batsakis/Interval-based#22 http://www.intelligence.tuc.gr/~batsakis/Interval-based#d http://www.intelligence.tuc.gr/~batsakis/Interval-based#23	1
http://www.intelligence.tuc.gr/~batsakis/Interval-based#22 http://www.intelligence.tuc.gr/~batsakis/Interval-based#d http://www.intelligence.tuc.gr/~batsakis/Interval-based#24	1
http://www.intelligence.tuc.gr/~batsakis/Interval-based#22 http://www.intelligence.tuc.gr/~batsakis/Interval-based#a http://www.intelligence.tuc.gr/~batsakis/Interval-based#25	1
http://www.intelligence.tuc.gr/~batsakis/Interval-based#22 http://www.intelligence.tuc.gr/~batsakis/Interval-based#a http://www.intelligence.tuc.gr/~batsakis/Interval-based#26	1
http://www.intelligence.tuc.gr/~batsakis/Interval-based#22 http://www.intelligence.tuc.gr/~batsakis/Interval-based#a http://www.intelligence.tuc.gr/~batsakis/Interval-based#27	1
http://www.intelligence.tuc.gr/~batsakis/Interval-based#22 http://www.intelligence.tuc.gr/~batsakis/Interval-based#a http://www.intelligence.tuc.gr/~batsakis/Interval-based#28	1
http://www.intelligence.tuc.gr/~batsakis/Interval-based#22 http://www.intelligence.tuc.gr/~batsakis/Interval-based#a http://www.intelligence.tuc.gr/~batsakis/Interval-based#29	1
http://www.intelligence.tuc.gr/~batsakis/Interval-based#23 http://www.intelligence.tuc.gr/~batsakis/Interval-based#ov http://www.intelligence.tuc.gr/~batsakis/Interval-based#0	1
http://www.intelligence.tuc.gr/~batsakis/Interval-based#23 http://www.intelligence.tuc.gr/~batsakis/Interval-based#di http://www.intelligence.tuc.gr/~batsakis/Interval-based#1	1
http://www.intelligence.tuc.gr/~batsakis/Interval-based#23 http://www.intelligence.tuc.gr/~batsakis/Interval-based#di http://www.intelligence.tuc.gr/~batsakis/Interval-based#2	1
http://www.intelligence.tuc.gr/~batsakis/Interval-based#23 http://www.intelligence.tuc.gr/~batsakis/Interval-based#oi http://www.intelligence.tuc.gr/~batsakis/Interval-based#3	1
http://www.intelligence.tuc.gr/~batsakis/Interval-based#23 http://www.intelligence.tuc.gr/~batsakis/Interval-based#oi http://www.intelligence.tuc.gr/~batsakis/Interval-based#4	1
http://www.intelligence.tuc.gr/~batsakis/Interval-based#23 http://www.intelligence.tuc.gr/~batsakis/Interval-based#di http://www.intelligence.tuc.gr/~batsakis/Interval-based#5	1
http://www.intelligence.tuc.gr/~batsakis/Interval-based#23 http://www.intelligence.tuc.gr/~batsakis/Interval-based#ov http://www.intelligence.tuc.gr/~batsakis/Interval-based#6	1
http://www.intelligence.tuc.gr/~batsakis/Interval-based#23 http://www.intelligence.tuc.gr/~batsakis/Interval-based#di http://www.intelligence.tuc.gr/~batsakis/Interval-based#7	1
http://www.intelligence.tuc.gr/~batsakis/Interval-based#23 http://www.intelligence.tuc.gr/~batsakis/Interval-based#fi http://www.intelligence.tuc.gr/~batsakis/Interval-based#8	1
http://www.intelligence.tuc.gr/~batsakis/Interval-based#23 http://www.intelligence.tuc.gr/~batsakis/Interval-based#ov http://www.intelligence.tuc.gr/~batsakis/Interval-based#9	1
http://www.intelligence.tuc.gr/~batsakis/Interval-based#23 http://www.intelligence.tuc.gr/~batsakis/Interval-based#d http://www.intelligence.tuc.gr/~batsakis/Interval-based#10	1
http://www.intelligence.tuc.gr/~batsakis/Interval-based#23 http://www.intelligence.tuc.gr/~batsakis/Interval-based#oi http://www.intelligence.tuc.gr/~batsakis/Interval-based#11	1
http://www.intelligence.tuc.gr/~batsakis/Interval-based#23 http://www.intelligence.tuc.gr/~batsakis/Interval-based#fi http://www.intelligence.tuc.gr/~batsakis/Interval-based#12	1
http://www.intelligence.tuc.gr/~batsakis/Interval-based#23 http://www.intelligence.tuc.gr/~batsakis/Interval-based#ov http://www.intelligence.tuc.gr/~batsakis/Interval-based#13	1
http://www.intelligence.tuc.gr/~batsakis/Interval-based#23 http://www.intelligence.tuc.gr/~batsakis/Interval-based#mi http://www.intelligence.tuc.gr/~batsakis/Interval-based#14	1
http://www.intelligence.tuc.gr/~batsakis/Interval-based#23 http://www.intelligence.tuc.gr/~batsakis/Interval-based#ov http://www.intelligence.tuc.gr/~batsakis/Interval-based#15	1
http://www.intelligence.tuc.gr/~batsakis/Interval-based#23 http://www.intelligence.tuc.gr/~batsakis/Interval-based#oi http://www.intelligence.tuc.gr/~batsakis/Interval-based#16	1
http://www.intelligence.tuc.gr/~batsakis/Interval-based#23 http://www.intelligence.tuc.gr/~batsakis/Interval-based#di http://www.intelligence.tuc.gr/~batsakis/Interval-based#17	1
http://www.intelligence.tuc.gr/~batsakis/Interval-based#23 http://www.intelligence.tuc.gr/~batsakis/Interval-based#ov http://www.intelligence.tuc.gr/~batsakis/Interval-based#18	1
http://www.intelligence.tuc.gr/~batsakis/Interval-based#23 http://www.intelligence.tuc.gr/~batsakis/Interval-based#oi http://www.intelligence.tuc.gr/~batsakis/Interval-based#19	1
http://www.intelligence.tuc.gr/~batsakis/Interval-based#23 http://www.intelligence.tuc.gr/~batsakis/Interval-based#ov http://www.intelligence.tuc.gr/~batsakis/Interval-based#20	1
http://www.intelligence.tuc.gr/~batsakis/Interval-based#23 http://www.intelligence.tuc.gr/~batsakis/Interval-based#ov http://www.intelligence.tuc.gr/~batsakis/Interval-based#21	1
http://www.intelligence.tuc.gr/~batsakis/Interval-based#23 http://www.intelligence.tuc.gr/~batsakis/Interval-based#di http://www.intelligence.tuc.gr/~batsakis/Interval-based#22	1
http://www.intelligence.tuc.gr/~batsakis/Interval-based#23 http://www.intelligence.tuc.gr/~batsakis/Interval-based#d http://www.intelligence.tuc.gr/~batsakis/Interval-based#24	1
http://www.intelligence.tuc.gr/~batsakis/Interval-based#23 http://www.intelligence.tuc.gr/~batsakis/Interval-based#di http://www.intelligence.tuc.gr/~batsakis/Interval-based#25	1
http://www.intelligence.tuc.gr/~batsakis/Interval-based#23 http://www.intelligence.tuc.gr/~batsakis/Interval-based#oi http://www.intelligence.tuc.gr/~batsakis/Interval-based#26	1
http://www.intelligence.tuc.gr/~batsakis/Interval-based#23 http://www.intelligence.tuc.gr/~batsakis/Interval-based#oi http://www.intelligence.tuc.gr/~batsakis/Interval-based#27	1
http://www.intelligence.tuc.gr/~batsakis/Interval-based#23 http://www.intelligence.tuc.gr/~batsakis/Interval-based#di http://www.intelligence.tuc.gr/~batsakis/Interval-based#28	1
http://www.intelligence.tuc.gr/~batsakis/Interval-based#23 http://www.intelligence.tuc.gr/~batsakis/Interval-based#a http://www.intelligence.tuc.gr/~batsakis/Interval-based#29	1
http://www.intelligence.tuc.gr/~batsakis/Interval-based#24 http://www.intelligence.tuc.gr/~batsakis/Interval-based#di http://www.intelligence.tuc.gr/~batsakis/Interval-based#0	1
http://www.intelligence.tuc.gr/~batsakis/Interval-based#24 http://www.intelligence.tuc.gr/~batsakis/Interval-based#di http://www.intelligence.tuc.gr/~batsakis/Interval-based#1	1
http://www.intelligence.tuc.gr/~batsakis/Interval-based#24 http://www.intelligence.tuc.gr/~batsakis/Interval-based#di http://www.intelligence.tuc.gr/~batsakis/Interval-based#2	1
http://www.intelligence.tuc.gr/~batsakis/Interval-based#24 http://www.intelligence.tuc.gr/~batsakis/Interval-based#oi http://www.intelligence.tuc.gr/~batsakis/Interval-based#3	1
http://www.intelligence.tuc.gr/~batsakis/Interval-based#24 http://www.intelligence.tuc.gr/~batsakis/Interval-based#di http://www.intelligence.tuc.gr/~batsakis/Interval-based#4	1
http://www.intelligence.tuc.gr/~batsakis/Interval-based#24 http://www.intelligence.tuc.gr/~batsakis/Interval-based#di http://www.intelligence.tuc.gr/~batsakis/Interval-based#5	1
http://www.intelligence.tuc.gr/~batsakis/Interval-based#24 http://www.intelligence.tuc.gr/~batsakis/Interval-based#fi http://www.intelligence.tuc.gr/~batsakis/Interval-based#6	1
http://www.intelligence.tuc.gr/~batsakis/Interval-based#24 http://www.intelligence.tuc.gr/~batsakis/Interval-based#di http://www.intelligence.tuc.gr/~batsakis/Interval-based#7	1
http://www.intelligence.tuc.gr/~batsakis/Interval-based#24 http://www.intelligence.tuc.gr/~batsakis/Interval-based#di http://www.intelligence.tuc.gr/~batsakis/Interval-based#8	1
http://www.intelligence.tuc.gr/~batsakis/Interval-based#24 http://www.intelligence.tuc.gr/~batsakis/Interval-based#ov http://www.intelligence.tuc.gr/~batsakis/Interval-based#9	1
http://www.intelligence.tuc.gr/~batsakis/Interval-based#24 http://www.intelligence.tuc.gr/~batsakis/Interval-based#di http://www.intelligence.tuc.gr/~batsakis/Interval-based#10	1
http://www.intelligence.tuc.gr/~batsakis/Interval-based#24 http://www.intelligence.tuc.gr/~batsakis/Interval-based#di http://www.intelligence.tuc.gr/~batsakis/Interval-based#11	1
http://www.intelligence.tuc.gr/~batsakis/Interval-based#24 http://www.intelligence.tuc.gr/~batsakis/Interval-based#di http://www.intelligence.tuc.gr/~batsakis/Interval-based#12	1
http://www.intelligence.tuc.gr/~batsakis/Interval-based#24 http://www.intelligence.tuc.gr/~batsakis/Interval-based#di http://www.intelligence.tuc.gr/~batsakis/Interval-based#13	1
http://www.intelligence.tuc.gr/~batsakis/Interval-based#24 http://www.intelligence.tuc.gr/~batsakis/Interval-based#oi http://www.intelligence.tuc.gr/~batsakis/Interval-based#14	1
http://www.intelligence.tuc.gr/~batsakis/Interval-based#24 http://www.intelligence.tuc.gr/~batsakis/Interval-based#fi http://www.intelligence.tuc.gr/~batsakis/Interval-based#15	1
http://www.intelligence.tuc.gr/~batsakis/Interval-based#24 http://www.intelligence.tuc.gr/~batsakis/Interval-based#di http://www.intelligence.tuc.gr/~batsakis/Interval-based#16	1
http://www.intelligence.tuc.gr/~batsakis/Interval-based#24 http://www.intelligence.tuc.gr/~batsakis/Interval-based#di http://www.intelligence.tuc.gr/~batsakis/Interval-based#17	1
http://www.intelligence.tuc.gr/~batsakis/Interval-based#24 http://www.intelligence.tuc.gr/~batsakis/Interval-based#ov http://www.intelligence.tuc.gr/~batsakis/Interval-based#18	1
http://www.intelligence.tuc.gr/~batsakis/Interval-based#24 http://www.intelligence.tuc.gr/~batsakis/Interval-based#di http://www.intelligence.tuc.gr/~batsakis/Interval-based#19	1
http://www.intelligence.tuc.gr/~batsakis/Interval-based#24 http://www.intelligence.tuc.gr/~batsakis/Interval-based#fi http://www.intelligence.tuc.gr/~batsakis/Interval-based#20	1
http://www.intelligence.tuc.gr/~batsakis/Interval-based#24 http://www.intelligence.tuc.gr/~batsakis/Interval-based#ov http://www.intelligence.tuc.gr/~batsakis/Interval-based#21	1
http://www.intelligence.tuc.gr/~batsakis/Interval-based#24 http://www.intelligence.tuc.gr/~batsakis/Interval-based#di http://www.intelligence.tuc.gr/~batsakis/Interval-based#22	1
http://www.intelligence.tuc.gr/~batsakis/Interval-based#24 http://www.intelligence.tuc.gr/~batsakis/Interval-based#di http://www.intelligence.tuc.gr/~batsakis/Interval-based#23	1
http://www.intelligence.tuc.gr/~batsakis/Interval-based#24 http://www.intelligence.tuc.gr/~batsakis/Interval-based#di http://www.intelligence.tuc.gr/~batsakis/Interval-based#25	1
http://www.intelligence.tuc.gr/~batsakis/Interval-based#24 http://www.intelligence.tuc.gr/~batsakis/Interval-based#oi http://www.intelligence.tuc.gr/~batsakis/Interval-based#26	1
http://www.intelligence.tuc.gr/~batsakis/Interval-based#24 http://www.intelligence.tuc.gr/~batsakis/Interval-based#oi http://www.intelligence.tuc.gr/~batsakis/Interval-based#27	1
http://www.intelligence.tuc.gr/~batsakis/Interval-based#24 http://www.intelligence.tuc.gr/~batsakis/Interval-based#di http://www.intelligence.tuc.gr/~batsakis/Interval-based#28	1
http://www.intelligence.tuc.gr/~batsakis/Interval-based#24 http://www.intelligence.tuc.gr/~batsakis/Interval-based#mi http://www.intelligence.tuc.gr/~batsakis/Interval-based#29	1
http://www.intelligence.tuc.gr/~batsakis/Interval-based#25 http://www.intelligence.tuc.gr/~batsakis/Interval-based#ov http://www.intelligence.tuc.gr/~batsakis/Interval-based#0	1
http://www.intelligence.tuc.gr/~batsakis/Interval-based#25 http://www.intelligence.tuc.gr/~batsakis/Interval-based#b http://www.intelligence.tuc.gr/~batsakis/Interval-based#1	1
http://www.intelligence.tuc.gr/~batsakis/Interval-based#25 http://www.intelligence.tuc.gr/~batsakis/Interval-based#ov http://www.intelligence.tuc.gr/~batsakis/Interval-based#2	1
http://www.intelligence.tuc.gr/~batsakis/Interval-based#25 http://www.intelligence.tuc.gr/~batsakis/Interval-based#d http://www.intelligence.tuc.gr/~batsakis/Interval-based#3	1
http://www.intelligence.tuc.gr/~batsakis/Interval-based#25 http://www.intelligence.tuc.gr/~batsakis/Interval-based#a http://www.intelligence.tuc.gr/~batsakis/Interval-based#4	1
http://www.intelligence.tuc.gr/~batsakis/Interval-based#25 http://www.intelligence.tuc.gr/~batsakis/Interval-based#ov http://www.intelligence.tuc.gr/~batsakis/Interval-based#5	1
http://www.intelligence.tuc.gr/~batsakis/Interval-based#25 http://www.intelligence.tuc.gr/~batsakis/Interval-based#ov http://www.intelligence.tuc.gr/~batsakis/Interval-based#6	1
http://www.intelligence.tuc.gr/~batsakis/Interval-based#25 http://www.intelligence.tuc.gr/~batsakis/Interval-based#ov http://www.intelligence.tuc.gr/~batsakis/Interval-based#7	1
http://www.intelligence.tuc.gr/~batsakis/Interval-based#25 http://www.intelligence.tuc.gr/~batsakis/Interval-based#b http://www.intelligence.tuc.gr/~batsakis/Interval-based#8	1
http://www.intelligence.tuc.gr/~batsakis/Interval-based#25 http://www.intelligence.tuc.gr/~batsakis/Interval-based#ov http://www.intelligence.tuc.gr/~batsakis/Interval-based#9	1
http://www.intelligence.tuc.gr/~batsakis/Interval-based#25 http://www.intelligence.tuc.gr/~batsakis/Interval-based#d http://www.intelligence.tuc.gr/~batsakis/Interval-based#10	1
http://www.intelligence.tuc.gr/~batsakis/Interval-based#25 http://www.intelligence.tuc.gr/~batsakis/Interval-based#a http://www.intelligence.tuc.gr/~batsakis/Interval-based#11	1
http://www.intelligence.tuc.gr/~batsakis/Interval-based#25 http://www.intelligence.tuc.gr/~batsakis/Interval-based#ov http://www.intelligence.tuc.gr/~batsakis/Interval-based#12	1
http://www.intelligence.tuc.gr/~batsakis/Interval-based#25 http://www.intelligence.tuc.gr/~batsakis/Interval-based#ov http://www.intelligence.tuc.gr/~batsakis/Interval-based#13	1
http://www.intelligence.tuc.gr/~batsakis/Interval-based#25 http://www.intelligence.tuc.gr/~batsakis/Interval-based#a http://www.intelligence.tuc.gr/~batsakis/Interval-based#14	1
http://www.intelligence.tuc.gr/~batsakis/Interval-based#25 http://www.intelligence.tuc.gr/~batsakis/Interval-based#ov http://www.intelligence.tuc.gr/~batsakis/Interval-based#15	1
http://www.intelligence.tuc.gr/~batsakis/Interval-based#25 http://www.intelligence.tuc.gr/~batsakis/Interval-based#oi http://www.intelligence.tuc.gr/~batsakis/Interval-based#16	1
http://www.intelligence.tuc.gr/~batsakis/Interval-based#25 http://www.intelligence.tuc.gr/~batsakis/Interval-based#ov http://www.intelligence.tuc.gr/~batsakis/Interval-based#17	1
http://www.intelligence.tuc.gr/~batsakis/Interval-based#25 http://www.intelligence.tuc.gr/~batsakis/Interval-based#b http://www.intelligence.tuc.gr/~batsakis/Interval-based#18	1
http://www.intelligence.tuc.gr/~batsakis/Interval-based#25 http://www.intelligence.tuc.gr/~batsakis/Interval-based#a http://www.intelligence.tuc.gr/~batsakis/Interval-based#19	1
http://www.intelligence.tuc.gr/~batsakis/Interval-based#25 http://www.intelligence.tuc.gr/~batsakis/Interval-based#ov http://www.intelligence.tuc.gr/~batsakis/Interval-based#20	1
http://www.intelligence.tuc.gr/~batsakis/Interval-based#25 http://www.intelligence.tuc.gr/~batsakis/Interval-based#b http://www.intelligence.tuc.gr/~batsakis/Interval-based#21	1
http://www.intelligence.tuc.gr/~batsakis/Interval-based#25 http://www.intelligence.tuc.gr/~batsakis/Interval-based#b http://www.intelligence.tuc.gr/~batsakis/Interval-based#22	1
http://www.intelligence.tuc.gr/~batsakis/Interval-based#25 http://www.intelligence.tuc.gr/~batsakis/Interval-based#d http://www.intelligence.tuc.gr/~batsakis/Interval-based#23	1
http://www.intelligence.tuc.gr/~batsakis/Interval-based#25 http://www.intelligence.tuc.gr/~batsakis/Interval-based#d http://www.intelligence.tuc.gr/~batsakis/Interval-based#24	1
http://www.intelligence.tuc.gr/~batsakis/Interval-based#25 http://www.intelligence.tuc.gr/~batsakis/Interval-based#oi http://www.intelligence.tuc.gr/~batsakis/Interval-based#26	1
http://www.intelligence.tuc.gr/~batsakis/Interval-based#25 http://www.intelligence.tuc.gr/~batsakis/Interval-based#oi http://www.intelligence.tuc.gr/~batsakis/Interval-based#27	1
http://www.intelligence.tuc.gr/~batsakis/Interval-based#25 http://www.intelligence.tuc.gr/~batsakis/Interval-based#si http://www.intelligence.tuc.gr/~batsakis/Interval-based#28	1
http://www.intelligence.tuc.gr/~batsakis/Interval-based#25 http://www.intelligence.tuc.gr/~batsakis/Interval-based#a http://www.intelligence.tuc.gr/~batsakis/Interval-based#29	1
http://www.intelligence.tuc.gr/~batsakis/Interval-based#26 http://www.intelligence.tuc.gr/~batsakis/Interval-based#ov http://www.intelligence.tuc.gr/~batsakis/Interval-based#0	1
http://www.intelligence.tuc.gr/~batsakis/Interval-based#26 http://www.intelligence.tuc.gr/~batsakis/Interval-based#b http://www.intelligence.tuc.gr/~batsakis/Interval-based#1	1
http://www.intelligence.tuc.gr/~batsakis/Interval-based#26 http://www.intelligence.tuc.gr/~batsakis/Interval-based#ov http://www.intelligence.tuc.gr/~batsakis/Interval-based#2	1
http://www.intelligence.tuc.gr/~batsakis/Interval-based#26 http://www.intelligence.tuc.gr/~batsakis/Interval-based#d http://www.intelligence.tuc.gr/~batsakis/Interval-based#3	1
http://www.intelligence.tuc.gr/~batsakis/Interval-based#26 http://www.intelligence.tuc.gr/~batsakis/Interval-based#di http://www.intelligence.tuc.gr/~batsakis/Interval-based#4	1
http://www.intelligence.tuc.gr/~batsakis/Interval-based#26 http://www.intelligence.tuc.gr/~batsakis/Interval-based#ov http://www.intelligence.tuc.gr/~batsakis/Interval-based#5	1
http://www.intelligence.tuc.gr/~batsakis/Interval-based#26 http://www.intelligence.tuc.gr/~batsakis/Interval-based#ov http://www.intelligence.tuc.gr/~batsakis/Interval-based#6	1
http://www.intelligence.tuc.gr/~batsakis/Interval-based#26 http://www.intelligence.tuc.gr/~batsakis/Interval-based#ov http://www.intelligence.tuc.gr/~batsakis/Interval-based#7	1
http://www.intelligence.tuc.gr/~batsakis/Interval-based#26 http://www.intelligence.tuc.gr/~batsakis/Interval-based#b http://www.intelligence.tuc.gr/~batsakis/Interval-based#8	1
http://www.intelligence.tuc.gr/~batsakis/Interval-based#26 http://www.intelligence.tuc.gr/~batsakis/Interval-based#ov http://www.intelligence.tuc.gr/~batsakis/Interval-based#9	1
http://www.intelligence.tuc.gr/~batsakis/Interval-based#26 http://www.intelligence.tuc.gr/~batsakis/Interval-based#ov http://www.intelligence.tuc.gr/~batsakis/Interval-based#10	1
http://www.intelligence.tuc.gr/~batsakis/Interval-based#26 http://www.intelligence.tuc.gr/~batsakis/Interval-based#di http://www.intelligence.tuc.gr/~batsakis/Interval-based#11	1
http://www.intelligence.tuc.gr/~batsakis/Interval-based#26 http://www.intelligence.tuc.gr/~batsakis/Interval-based#ov http://www.intelligence.tuc.gr/~batsakis/Interval-based#12	1
http://www.intelligence.tuc.gr/~batsakis/Interval-based#26 http://www.intelligence.tuc.gr/~batsakis/Interval-based#ov http://www.intelligence.tuc.gr/~batsakis/Interval-based#13	1
http://www.intelligence.tuc.gr/~batsakis/Interval-based#26 http://www.intelligence.tuc.gr/~batsakis/Interval-based#oi http://www.intelligence.tuc.gr/~batsakis/Interval-based#14	1
http://www.intelligence.tuc.gr/~batsakis/Interval-based#26 http://www.intelligence.tuc.gr/~batsakis/Interval-based#ov http://www.intelligence.tuc.gr/~batsakis/Interval-based#15	1
http://www.intelligence.tuc.gr/~batsakis/Interval-based#26 http://www.intelligence.tuc.gr/~batsakis/Interval-based#di http://www.intelligence.tuc.gr/~batsakis/Interval-based#16	1
http://www.intelligence.tuc.gr/~batsakis/Interval-based#26 http://www.intelligence.tuc.gr/~batsakis/Interval-based#ov http://www.intelligence.tuc.gr/~batsakis/Interval-based#17	1
http://www.intelligence.tuc.gr/~batsakis/Interval-based#26 http://www.intelligence.tuc.gr/~batsakis/Interval-based#b http://www.intelligence.tuc.gr/~batsakis/Interval-based#18	1
http://www.intelligence.tuc.gr/~batsakis/Interval-based#26 http://www.intelligence.tuc.gr/~batsakis/Interval-based#di http://www.intelligence.tuc.gr/~batsakis/Interval-based#19	1
http://www.intelligence.tuc.gr/~batsakis/Interval-based#26 http://www.intelligence.tuc.gr/~batsakis/Interval-based#b http://www.intelligence.tuc.gr/~batsakis/Interval-based#20	1
http://www.intelligence.tuc.gr/~batsakis/Interval-based#26 http://www.intelligence.tuc.gr/~batsakis/Interval-based#b http://www.intelligence.tuc.gr/~batsakis/Interval-based#21	1
http://www.intelligence.tuc.gr/~batsakis/Interval-based#26 http://www.intelligence.tuc.gr/~batsakis/Interval-based#b http://www.intelligence.tuc.gr/~batsakis/Interval-based#22	1
http://www.intelligence.tuc.gr/~batsakis/Interval-based#26 http://www.intelligence.tuc.gr/~batsakis/Interval-based#ov http://www.intelligence.tuc.gr/~batsakis/Interval-based#23	1
http://www.intelligence.tuc.gr/~batsakis/Interval-based#26 http://www.intelligence.tuc.gr/~batsakis/Interval-based#ov http://www.intelligence.tuc.gr/~batsakis/Interval-based#24	1
http://www.intelligence.tuc.gr/~batsakis/Interval-based#26 http://www.intelligence.tuc.gr/~batsakis/Interval-based#ov http://www.intelligence.tuc.gr/~batsakis/Interval-based#25	1
http://www.intelligence.tuc.gr/~batsakis/Interval-based#26 http://www.intelligence.tuc.gr/~batsakis/Interval-based#d http://www.intelligence.tuc.gr/~batsakis/Interval-based#27	1
http://www.intelligence.tuc.gr/~batsakis/Interval-based#26 http://www.intelligence.tuc.gr/~batsakis/Interval-based#di http://www.intelligence.tuc.gr/~batsakis/Interval-based#28	1
http://www.intelligence.tuc.gr/~batsakis/Interval-based#26 http://www.intelligence.tuc.gr/~batsakis/Interval-based#di http://www.intelligence.tuc.gr/~batsakis/Interval-based#29	1
http://www.intelligence.tuc.gr/~batsakis/Interval-based#27 http://www.intelligence.tuc.gr/~batsakis/Interval-based#ov http://www.intelligence.tuc.gr/~batsakis/Interval-based#0	1
http://www.intelligence.tuc.gr/~batsakis/Interval-based#27 http://www.intelligence.tuc.gr/~batsakis/Interval-based#b http://www.intelligence.tuc.gr/~batsakis/Interval-based#1	1
http://www.intelligence.tuc.gr/~batsakis/Interval-based#27 http://www.intelligence.tuc.gr/~batsakis/Interval-based#ov http://www.intelligence.tuc.gr/~batsakis/Interval-based#2	1
http://www.intelligence.tuc.gr/~batsakis/Interval-based#27 http://www.intelligence.tuc.gr/~batsakis/Interval-based#ov http://www.intelligence.tuc.gr/~batsakis/Interval-based#3	1
http://www.intelligence.tuc.gr/~batsakis/Interval-based#27 http://www.intelligence.tuc.gr/~batsakis/Interval-based#di http://www.intelligence.tuc.gr/~batsakis/Interval-based#4	1
http://www.intelligence.tuc.gr/~batsakis/Interval-based#27 http://www.intelligence.tuc.gr/~batsakis/Interval-based#ov http://www.intelligence.tuc.gr/~batsakis/Interval-based#5	1
http://www.intelligence.tuc.gr/~batsakis/Interval-based#27 http://www.intelligence.tuc.gr/~batsakis/Interval-based#ov http://www.intelligence.tuc.gr/~batsakis/Interval-based#6	1
http://www.intelligence.tuc.gr/~batsakis/Interval-based#27 http://www.intelligence.tuc.gr/~batsakis/Interval-based#ov http://www.intelligence.tuc.gr/~batsakis/Interval-based#7	1
http://www.intelligence.tuc.gr/~batsakis/Interval-based#27 http://www.intelligence.tuc.gr/~batsakis/Interval-based#b http://www.intelligence.tuc.gr/~batsakis/Interval-based#8	1
http://www.intelligence.tuc.gr/~batsakis/Interval-based#27 http://www.intelligence.tuc.gr/~batsakis/Interval-based#ov http://www.intelligence.tuc.gr/~batsakis/Interval-based#9	1
http://www.intelligence.tuc.gr/~batsakis/Interval-based#27 http://www.intelligence.tuc.gr/~batsakis/Interval-based#ov http://www.intelligence.tuc.gr/~batsakis/Interval-based#10	1
http://www.intelligence.tuc.gr/~batsakis/Interval-based#27 http://www.intelligence.tuc.gr/~batsakis/Interval-based#di http://www.intelligence.tuc.gr/~batsakis/Interval-based#11	1
http://www.intelligence.tuc.gr/~batsakis/Interval-based#27 http://www.intelligence.tuc.gr/~batsakis/Interval-based#ov http://www.intelligence.tuc.gr/~batsakis/Interval-based#12	1
http://www.intelligence.tuc.gr/~batsakis/Interval-based#27 http://www.intelligence.tuc.gr/~batsakis/Interval-based#ov http://www.intelligence.tuc.gr/~batsakis/Interval-based#13	1
http://www.intelligence.tuc.gr/~batsakis/Interval-based#27 http://www.intelligence.tuc.gr/~batsakis/Interval-based#oi http://www.intelligence.tuc.gr/~batsakis/Interval-based#14	1
http://www.intelligence.tuc.gr/~batsakis/Interval-based#27 http://www.intelligence.tuc.gr/~batsakis/Interval-based#ov http://www.intelligence.tuc.gr/~batsakis/Interval-based#15	1
http://www.intelligence.tuc.gr/~batsakis/Interval-based#27 http://www.intelligence.tuc.gr/~batsakis/Interval-based#di http://www.intelligence.tuc.gr/~batsakis/Interval-based#16	1
http://www.intelligence.tuc.gr/~batsakis/Interval-based#27 http://www.intelligence.tuc.gr/~batsakis/Interval-based#ov http://www.intelligence.tuc.gr/~batsakis/Interval-based#17	1
http://www.intelligence.tuc.gr/~batsakis/Interval-based#27 http://www.intelligence.tuc.gr/~batsakis/Interval-based#b http://www.intelligence.tuc.gr/~batsakis/Interval-based#18	1
http://www.intelligence.tuc.gr/~batsakis/Interval-based#27 http://www.intelligence.tuc.gr/~batsakis/Interval-based#di http://www.intelligence.tuc.gr/~batsakis/Interval-based#19	1
http://www.intelligence.tuc.gr/~batsakis/Interval-based#27 http://www.intelligence.tuc.gr/~batsakis/Interval-based#ov http://www.intelligence.tuc.gr/~batsakis/Interval-based#20	1
http://www.intelligence.tuc.gr/~batsakis/Interval-based#27 http://www.intelligence.tuc.gr/~batsakis/Interval-based#b http://www.intelligence.tuc.gr/~batsakis/Interval-based#21	1
http://www.intelligence.tuc.gr/~batsakis/Interval-based#27 http://www.intelligence.tuc.gr/~batsakis/Interval-based#b http://www.intelligence.tuc.gr/~batsakis/Interval-based#22	1
http://www.intelligence.tuc.gr/~batsakis/Interval-based#27 http://www.intelligence.tuc.gr/~batsakis/Interval-based#ov http://www.intelligence.tuc.gr/~batsakis/Interval-based#23	1
http://www.intelligence.tuc.gr/~batsakis/Interval-based#27 http://www.intelligence.tuc.gr/~batsakis/Interval-based#ov http://www.intelligence.tuc.gr/~batsakis/Interval-based#24	1
http://www.intelligence.tuc.gr/~batsakis/Interval-based#27 http://www.intelligence.tuc.gr/~batsakis/Interval-based#ov http://www.intelligence.tuc.gr/~batsakis/Interval-based#25	1
http://www.intelligence.tuc.gr/~batsakis/Interval-based#27 http://www.intelligence.tuc.gr/~batsakis/Interval-based#di http://www.intelligence.tuc.gr/~batsakis/Interval-based#26	1
http://www.intelligence.tuc.gr/~batsakis/Interval-based#27 http://www.intelligence.tuc.gr/~batsakis/Interval-based#di http://www.intelligence.tuc.gr/~batsakis/Interval-based#28	1
http://www.intelligence.tuc.gr/~batsakis/Interval-based#27 http://www.intelligence.tuc.gr/~batsakis/Interval-based#di http://www.intelligence.tuc.gr/~batsakis/Interval-based#29	1
http://www.intelligence.tuc.gr/~batsakis/Interval-based#28 http://www.intelligence.tuc.gr/~batsakis/Interval-based#ov http://www.intelligence.tuc.gr/~batsakis/Interval-based#0	1
http://www.intelligence.tuc.gr/~batsakis/Interval-based#28 http://www.intelligence.tuc.gr/~batsakis/Interval-based#b http://www.intelligence.tuc.gr/~batsakis/Interval-based#1	1
http://www.intelligence.tuc.gr/~batsakis/Interval-based#28 http://www.intelligence.tuc.gr/~batsakis/Interval-based#ov http://www.intelligence.tuc.gr/~batsakis/Interval-based#2	1
http://www.intelligence.tuc.gr/~batsakis/Interval-based#28 http://www.intelligence.tuc.gr/~batsakis/Interval-based#d http://www.intelligence.tuc.gr/~batsakis/Interval-based#3	1
http://www.intelligence.tuc.gr/~batsakis/Interval-based#28 http://www.intelligence.tuc.gr/~batsakis/Interval-based#a http://www.intelligence.tuc.gr/~batsakis/Interval-based#4	1
http://www.intelligence.tuc.gr/~batsakis/Interval-based#28 http://www.intelligence.tuc.gr/~batsakis/Interval-based#ov http://www.intelligence.tuc.gr/~batsakis/Interval-based#5	1
http://www.intelligence.tuc.gr/~batsakis/Interval-based#28 http://www.intelligence.tuc.gr/~batsakis/Interval-based#ov http://www.intelligence.tuc.gr/~batsakis/Interval-based#6	1
http://www.intelligence.tuc.gr/~batsakis/Interval-based#28 http://www.intelligence.tuc.gr/~batsakis/Interval-based#ov http://www.intelligence.tuc.gr/~batsakis/Interval-based#7	1
http://www.intelligence.tuc.gr/~batsakis/Interval-based#28 http://www.intelligence.tuc.gr/~batsakis/Interval-based#b http://www.intelligence.tuc.gr/~batsakis/Interval-based#8	1
http://www.intelligence.tuc.gr/~batsakis/Interval-based#28 http://www.intelligence.tuc.gr/~batsakis/Interval-based#ov http://www.intelligence.tuc.gr/~batsakis/Interval-based#9	1
http://www.intelligence.tuc.gr/~batsakis/Interval-based#28 http://www.intelligence.tuc.gr/~batsakis/Interval-based#d http://www.intelligence.tuc.gr/~batsakis/Interval-based#10	1
http://www.intelligence.tuc.gr/~batsakis/Interval-based#28 http://www.intelligence.tuc.gr/~batsakis/Interval-based#a http://www.intelligence.tuc.gr/~batsakis/Interval-based#11	1
http://www.intelligence.tuc.gr/~batsakis/Interval-based#28 http://www.intelligence.tuc.gr/~batsakis/Interval-based#ov http://www.intelligence.tuc.gr/~batsakis/Interval-based#12	1
http://www.intelligence.tuc.gr/~batsakis/Interval-based#28 http://www.intelligence.tuc.gr/~batsakis/Interval-based#ov http://www.intelligence.tuc.gr/~batsakis/Interval-based#13	1
http://www.intelligence.tuc.gr/~batsakis/Interval-based#28 http://www.intelligence.tuc.gr/~batsakis/Interval-based#a http://www.intelligence.tuc.gr/~batsakis/Interval-based#14	1
http://www.intelligence.tuc.gr/~batsakis/Interval-based#28 http://www.intelligence.tuc.gr/~batsakis/Interval-based#ov http://www.intelligence.tuc.gr/~batsakis/Interval-based#15	1
http://www.intelligence.tuc.gr/~batsakis/Interval-based#28 http://www.intelligence.tuc.gr/~batsakis/Interval-based#f http://www.intelligence.tuc.gr/~batsakis/Interval-based#16	1
http://www.intelligence.tuc.gr/~batsakis/Interval-based#28 http://www.intelligence.tuc.gr/~batsakis/Interval-based#ov http://www.intelligence.tuc.gr/~batsakis/Interval-based#17	1
http://www.intelligence.tuc.gr/~batsakis/Interval-based#28 http://www.intelligence.tuc.gr/~batsakis/Interval-based#b http://www.intelligence.tuc.gr/~batsakis/Interval-based#18	1
http://www.intelligence.tuc.gr/~batsakis/Interval-based#28 http://www.intelligence.tuc.gr/~batsakis/Interval-based#a http://www.intelligence.tuc.gr/~batsakis/Interval-based#19	1
http://www.intelligence.tuc.gr/~batsakis/Interval-based#28 http://www.intelligence.tuc.gr/~batsakis/Interval-based#b http://www.intelligence.tuc.gr/~batsakis/Interval-based#20	1
http://www.intelligence.tuc.gr/~batsakis/Interval-based#28 http://www.intelligence.tuc.gr/~batsakis/Interval-based#b http://www.intelligence.tuc.gr/~batsakis/Interval-based#21	1
http://www.intelligence.tuc.gr/~batsakis/Interval-based#28 http://www.intelligence.tuc.gr/~batsakis/Interval-based#b http://www.intelligence.tuc.gr/~batsakis/Interval-based#22	1
http://www.intelligence.tuc.gr/~batsakis/Interval-based#28 http://www.intelligence.tuc.gr/~batsakis/Interval-based#d http://www.intelligence.tuc.gr/~batsakis/Interval-based#23	1
http://www.intelligence.tuc.gr/~batsakis/Interval-based#28 http://www.intelligence.tuc.gr/~batsakis/Interval-based#d http://www.intelligence.tuc.gr/~batsakis/Interval-based#24	1
http://www.intelligence.tuc.gr/~batsakis/Interval-based#28 http://www.intelligence.tuc.gr/~batsakis/Interval-based#s http://www.intelligence.tuc.gr/~batsakis/Interval-based#25	1
http://www.intelligence.tuc.gr/~batsakis/Interval-based#28 http://www.intelligence.tuc.gr/~batsakis/Interval-based#d http://www.intelligence.tuc.gr/~batsakis/Interval-based#26	1
http://www.intelligence.tuc.gr/~batsakis/Interval-based#28 http://www.intelligence.tuc.gr/~batsakis/Interval-based#d http://www.intelligence.tuc.gr/~batsakis/Interval-based#27	1
http://www.intelligence.tuc.gr/~batsakis/Interval-based#28 http://www.intelligence.tuc.gr/~batsakis/Interval-based#a http://www.intelligence.tuc.gr/~batsakis/Interval-based#29	1
http://www.intelligence.tuc.gr/~batsakis/Interval-based#29 http://www.intelligence.tuc.gr/~batsakis/Interval-based#b http://www.intelligence.tuc.gr/~batsakis/Interval-based#0	1
http://www.intelligence.tuc.gr/~batsakis/Interval-based#29 http://www.intelligence.tuc.gr/~batsakis/Interval-based#b http://www.intelligence.tuc.gr/~batsakis/Interval-based#1	1
http://www.intelligence.tuc.gr/~batsakis/Interval-based#29 http://www.intelligence.tuc.gr/~batsakis/Interval-based#b http://www.intelligence.tuc.gr/~batsakis/Interval-based#2	1
http://www.intelligence.tuc.gr/~batsakis/Interval-based#29 http://www.intelligence.tuc.gr/~batsakis/Interval-based#d http://www.intelligence.tuc.gr/~batsakis/Interval-based#3	1
http://www.intelligence.tuc.gr/~batsakis/Interval-based#29 http://www.intelligence.tuc.gr/~batsakis/Interval-based#b http://www.intelligence.tuc.gr/~batsakis/Interval-based#4	1
http://www.intelligence.tuc.gr/~batsakis/Interval-based#29 http://www.intelligence.tuc.gr/~batsakis/Interval-based#b http://www.intelligence.tuc.gr/~batsakis/Interval-based#5	1
http://www.intelligence.tuc.gr/~batsakis/Interval-based#29 http://www.intelligence.tuc.gr/~batsakis/Interval-based#b http://www.intelligence.tuc.gr/~batsakis/Interval-based#6	1
http://www.intelligence.tuc.gr/~batsakis/Interval-based#29 http://www.intelligence.tuc.gr/~batsakis/Interval-based#b http://www.intelligence.tuc.gr/~batsakis/Interval-based#7	1
http://www.intelligence.tuc.gr/~batsakis/Interval-based#29 http://www.intelligence.tuc.gr/~batsakis/Interval-based#b http://www.intelligence.tuc.gr/~batsakis/Interval-based#8	1
http://www.intelligence.tuc.gr/~batsakis/Interval-based#29 http://www.intelligence.tuc.gr/~batsakis/Interval-based#b http://www.intelligence.tuc.gr/~batsakis/Interval-based#9	1
http://www.intelligence.tuc.gr/~batsakis/Interval-based#29 http://www.intelligence.tuc.gr/~batsakis/Interval-based#b http://www.intelligence.tuc.gr/~batsakis/Interval-based#10	1
http://www.intelligence.tuc.gr/~batsakis/Interval-based#29 http://www.intelligence.tuc.gr/~batsakis/Interval-based#b http://www.intelligence.tuc.gr/~batsakis/Interval-based#11	1
http://www.intelligence.tuc.gr/~batsakis/Interval-based#29 http://www.intelligence.tuc.gr/~batsakis/Interval-based#b http://www.intelligence.tuc.gr/~batsakis/Interval-based#12	1
http://www.intelligence.tuc.gr/~batsakis/Interval-based#29 http://www.intelligence.tuc.gr/~batsakis/Interval-based#b http://www.intelligence.tuc.gr/~batsakis/Interval-based#13	1
http://www.intelligence.tuc.gr/~batsakis/Interval-based#29 http://www.intelligence.tuc.gr/~batsakis/Interval-based#d http://www.intelligence.tuc.gr/~batsakis/Interval-based#14	1
http://www.intelligence.tuc.gr/~batsakis/Interval-based#29 http://www.intelligence.tuc.gr/~batsakis/Interval-based#b http://www.intelligence.tuc.gr/~batsakis/Interval-based#15	1
http://www.intelligence.tuc.gr/~batsakis/Interval-based#29 http://www.intelligence.tuc.gr/~batsakis/Interval-based#b http://www.intelligence.tuc.gr/~batsakis/Interval-based#16	1
http://www.intelligence.tuc.gr/~batsakis/Interval-based#29 http://www.intelligence.tuc.gr/~batsakis/Interval-based#b http://www.intelligence.tuc.gr/~batsakis/Interval-based#17	1
http://www.intelligence.tuc.gr/~batsakis/Interval-based#29 http://www.intelligence.tuc.gr/~batsakis/Interval-based#b http://www.intelligence.tuc.gr/~batsakis/Interval-based#18	1
http://www.intelligence.tuc.gr/~batsakis/Interval-based#29 http://www.intelligence.tuc.gr/~batsakis/Interval-based#b http://www.intelligence.tuc.gr/~batsakis/Interval-based#19	1
http://www.intelligence.tuc.gr/~batsakis/Interval-based#29 http://www.intelligence.tuc.gr/~batsakis/Interval-based#b http://www.intelligence.tuc.gr/~batsakis/Interval-based#20	1
http://www.intelligence.tuc.gr/~batsakis/Interval-based#29 http://www.intelligence.tuc.gr/~batsakis/Interval-based#b http://www.intelligence.tuc.gr/~batsakis/Interval-based#21	1
http://www.intelligence.tuc.gr/~batsakis/Interval-based#29 http://www.intelligence.tuc.gr/~batsakis/Interval-based#b http://www.intelligence.tuc.gr/~batsakis/Interval-based#22	1
http://www.intelligence.tuc.gr/~batsakis/Interval-based#29 http://www.intelligence.tuc.gr/~batsakis/Interval-based#b http://www.intelligence.tuc.gr/~batsakis/Interval-based#23	1
http://www.intelligence.tuc.gr/~batsakis/Interval-based#29 http://www.intelligence.tuc.gr/~batsakis/Interval-based#m http://www.intelligence.tuc.gr/~batsakis/Interval-based#24	1
http://www.intelligence.tuc.gr/~batsakis/Interval-based#29 http://www.intelligence.tuc.gr/~batsakis/Interval-based#b http://www.intelligence.tuc.gr/~batsakis/Interval-based#25	1
http://www.intelligence.tuc.gr/~batsakis/Interval-based#29 http://www.intelligence.tuc.gr/~batsakis/Interval-based#d http://www.intelligence.tuc.gr/~batsakis/Interval-based#26	1
http://www.intelligence.tuc.gr/~batsakis/Interval-based#29 http://www.intelligence.tuc.gr/~batsakis/Interval-based#d http://www.intelligence.tuc.gr/~batsakis/Interval-based#27	1
http://www.intelligence.tuc.gr/~batsakis/Interval-based#29 http://www.intelligence.tuc.gr/~batsakis/Interval-based#b http://www.intelligence.tuc.gr/~batsakis/Interval-based#28	1
